image_width: 1280
image_height: 960
camera_name: /stereo/right
camera_matrix:
  rows: 3
  cols: 3
  data: [1548.601464, 0.000000, 579.749613, 0.000000, 1544.428999, 464.543600, 0.000000, 0.000000, 1.000000]
distortion_model: plumb_bob
distortion_coefficients:
  rows: 1
  cols: 5
  data: [-0.428837, 0.248585, -0.002261, 0.000450, 0.000000]
rectification_matrix:
  rows: 3
  cols: 3
  data: [0.997600, 0.000726, -0.069244, -0.000959, 0.999994, -0.003332, 0.069241, 0.003391, 0.997594]
projection_matrix:
  rows: 3
  cols: 4
  data: [1479.941538, 0.000000, 687.118614, -121.462250, 0.000000, 1479.941538, 466.843243, 0.000000, 0.000000, 0.000000, 1.000000, 0.000000]
