image_width: 480
image_height: 640
camera_name: right_camera
camera_matrix:
  rows: 3
  cols: 3
  data: [647.32061595488, 0, 264.062630367072, 0, 645.992689055123, 295.491574979907, 0, 0, 1]
distortion_model: plumb_bob
distortion_coefficients:
  rows: 1
  cols: 5
  data: [-0.0541383050357107, 0.225171102096739, -0.00131576840943969, 0.00939671804469019, 0]
rectification_matrix:
  rows: 3
  cols: 3
  data: [0.993203306217486, -0.0681620444420024, -0.0943457906646646, 0.068102254605254, 0.997670890391684, -0.0038571210438015, 0.0943889582331291, -0.0025942556835943, 0.995532015758967]
projection_matrix:
  rows: 3
  cols: 4
  data: [757.834409825336, 0, 349.859877586365, -230.770293176663, 0, 757.834409825336, 299.195484161377, 0, 0, 0, 1, 0]