image_width: 480
image_height: 640
camera_name: 00b09d0100a85642
camera_matrix:
  rows: 3
  cols: 3
  data: [1075.83382582411, 0, 201.266793975206, 0, 1074.58316529006, 259.684161736774, 0, 0, 1]
distortion_model: plumb_bob
distortion_coefficients:
  rows: 1
  cols: 5
  data: [-0.0876161750428157, -0.289964997294917, -0.0124154692633733, -0.00559524759069267, 0]
rectification_matrix:
  rows: 3
  cols: 3
  data: [0.999802216958249, 0.0181324048937864, -0.00816963023261864, -0.0181019814827536, 0.999828990287359, 0.00378265083753896, 0.00823682170305825, -0.00363401619815862, 0.999959473526054]
projection_matrix:
  rows: 3
  cols: 4
  data: [1120.45634941197, 0, 214.11470413208, -168.810784905852, 0, 1120.45634941197, 256.846008300781, 0, 0, 0, 1, 0]