image_width: 640
image_height: 480
camera_name: 00b09d0100a8563d
camera_matrix:
  rows: 3
  cols: 3
  data: [769.096357372688, 0, 328.552779587475, 0, 769.051627450924, 240.057856731275, 0, 0, 1]
distortion_model: plumb_bob
distortion_coefficients:
  rows: 1
  cols: 5
  data: [-0.308042305981213, 0.112096592647567, 0.000533225524835275, -0.000268547149680248, 0]
rectification_matrix:
  rows: 3
  cols: 3
  data: [0.999997817651335, -0.000357437267197394, 0.00205838071502571, 0.000352910563517902, 0.999997519701159, 0.0021991011036514, -0.00205916165031519, -0.00219836988014796, 0.999995463501294]
projection_matrix:
  rows: 3
  cols: 4
  data: [757.489125042685, 0, 333.83614730835, 0, 0, 757.489125042685, 235.559865951538, 0, 0, 0, 1, 0]