image_width: 640
image_height: 480
camera_name: 00b09d0100a8566e
camera_matrix:
  rows: 3
  cols: 3
  data: [771.210874703814, 0, 341.340309742458, 0, 771.725360486188, 231.216234527106, 0, 0, 1]
distortion_model: plumb_bob
distortion_coefficients:
  rows: 1
  cols: 5
  data: [-0.317114175446368, 0.155480850051184, 0.000173862909867482, 0.000133063776172465, 0]
rectification_matrix:
  rows: 3
  cols: 3
  data: [0.999988202560181, 0.000617454786387298, 0.0048180379870754, -0.000606859665704021, 0.999997395405993, -0.00220020512147548, -0.00481938396522582, 0.00219725529176578, 0.999985972705307]
projection_matrix:
  rows: 3
  cols: 4
  data: [757.489125042685, 0, 333.83614730835, -233.141416297419, 0, 757.489125042685, 235.559865951538, 0, 0, 0, 1, 0]