image_width: 480
image_height: 640
camera_name: 00b09d0100a85642
camera_matrix:
  rows: 3
  cols: 3
  data: [722.135489424038, 0, 222.333866362945, 0, 721.946459091328, 332.20651866002, 0, 0, 1]
distortion_model: plumb_bob
distortion_coefficients:
  rows: 1
  cols: 5
  data: [-0.417426423097907, 0.364165302230554, -0.000792185087687539, -0.0009027960172862, 0]
rectification_matrix:
  rows: 3
  cols: 3
  data: [0.999810657479294, -0.00362191524007231, 0.0191188629582475, 0.00353898409840673, 0.999984190471057, 0.00436971389167687, -0.0191343874313693, -0.00430122516704498, 0.999807668844208]
projection_matrix:
  rows: 3
  cols: 4
  data: [697.475910104616, 0, 208.585893630981, -103.772638080816, 0, 697.475910104616, 338.873062133789, 0, 0, 0, 1, 0]