image_width: 480
image_height: 640
camera_name: 00b09d0100a8563d
camera_matrix:
  rows: 3
  cols: 3
  data: [773.06782370885, 0, 250.110134616983, 0, 774.060831565487, 310.44498235284, 0, 0, 1]
distortion_model: plumb_bob
distortion_coefficients:
  rows: 1
  cols: 5
  data: [-0.313370582183611, 0.163728465049417, -0.000783163950633708, 6.82236342058159e-05, 0]
rectification_matrix:
  rows: 3
  cols: 3
  data: [0.999855947183634, 0.00811042975036246, 0.0149099232319344, -0.00808684840844172, 0.999965954095078, -0.00164119881160536, -0.0149227264377735, 0.0015203881033362, 0.999887493999039]
projection_matrix:
  rows: 3
  cols: 4
  data: [763.184034441579, 0, 235.52924156189, 0, 0, 763.184034441579, 304.052997589111, 0, 0, 0, 1, 0]