image_width: 480
image_height: 640
camera_name: 00b09d0100a8566e
camera_matrix:
  rows: 3
  cols: 3
  data: [773.221914228481, 0, 238.002520607549, 0, 773.81909258129, 301.762719255887, 0, 0, 1]
distortion_model: plumb_bob
distortion_coefficients:
  rows: 1
  cols: 5
  data: [-0.292427134852403, 0.0743892194921865, -0.000318645659429035, 0.00108154659801203, 0]
rectification_matrix:
  rows: 3
  cols: 3
  data: [0.999952873604525, 0.00580327177564801, 0.00778284053223904, -0.00581556817547764, 0.999981875366841, 0.00155823766215785, -0.00777365659446489, -0.00160342586774762, 0.999968499148167]
projection_matrix:
  rows: 3
  cols: 4
  data: [763.184034441579, 0, 235.52924156189, -229.203622529191, 0, 763.184034441579, 304.052997589111, 0, 0, 0, 1, 0]