image_width: 640
image_height: 480
camera_name: 00b09d0100a8563d
camera_matrix:
  rows: 3
  cols: 3
  data: [756.631309115177, 0, 321.239086342793, 0, 756.683132316564, 243.586061383954, 0, 0, 1]
distortion_model: plumb_bob
distortion_coefficients:
  rows: 1
  cols: 5
  data: [-0.356523687422512, 0.187702585820234, -0.000482652719830415, 0.00159452097504873, 0]
rectification_matrix:
  rows: 3
  cols: 3
  data: [0.999824819540346, 0.00423301287290131, 0.0182321647955867, -0.00428531876135579, 0.999986811313405, 0.00283076709775979, -0.0182199416637142, -0.00290840184053709, 0.999829772973632]
projection_matrix:
  rows: 3
  cols: 4
  data: [742.46923349596, 0, 306.861270904541, 0, 0, 742.46923349596, 237.036293029785, 0, 0, 0, 1, 0]