image_width: 640
image_height: 480
camera_name: 00b09d0100a8566e
camera_matrix:
  rows: 3
  cols: 3
  data: [752.039682760803, 0, 323.913237021008, 0, 752.445252595911, 231.336134287049, 0, 0, 1]
distortion_model: plumb_bob
distortion_coefficients:
  rows: 1
  cols: 5
  data: [-0.32240889460238, 0.13231492928642, -0.000641351300944729, 0.00062787789668284, 0]
rectification_matrix:
  rows: 3
  cols: 3
  data: [0.99973930588492, 0.00431537017590267, 0.0224209243561257, -0.00425100665650587, 0.999986708307141, -0.00291755916042118, -0.0224332166918729, 0.00282148707123476, 0.999744362324471]
projection_matrix:
  rows: 3
  cols: 4
  data: [742.46923349596, 0, 306.861270904541, -230.333086131944, 0, 742.46923349596, 237.036293029785, 0, 0, 0, 1, 0]