image_width: 480
image_height: 640
camera_name: 00b09d0100a85650
camera_matrix:
  rows: 3
  cols: 3
  data: [574.870593178535, 0, 249.114755489121, 0, 577.119799628837, 351.839968924368, 0, 0, 1]
distortion_model: plumb_bob
distortion_coefficients:
  rows: 1
  cols: 5
  data: [-0.37379058123992, 0.182327918880646, -0.00347209665236263, -0.00060417442664809, 0]
rectification_matrix:
  rows: 3
  cols: 3
  data: [0.99778927066183, 0.0146780305620236, -0.0648160996277463, -0.0148040433363964, 0.999889341961638, -0.00146428563365503, 0.0647874343760249, 0.00242058884223056, 0.997896151458973]
projection_matrix:
  rows: 3
  cols: 4
  data: [561.434317823902, 0, 281.551010131836, 0, 0, 561.434317823902, 340.808700561523, 0, 0, 0, 1, 0]