image_width: 480
image_height: 640
camera_name: left_camera
camera_matrix:
  rows: 3
  cols: 3
  data: [641.874733867651, 0, 265.437012165494, 0, 642.89643977189, 299.162443438356, 0, 0, 1]
distortion_model: plumb_bob
distortion_coefficients:
  rows: 1
  cols: 5
  data: [-0.0305749829347285, 0.115261079209135, -0.00882244506540785, 0.00682669295825786, 0]
rectification_matrix:
  rows: 3
  cols: 3
  data: [0.990764029275902, -0.0398518418354943, -0.129608907854743, 0.0399340024878409, 0.999200385583409, -0.00196593368839576, 0.129583616781913, -0.00322802606631343, 0.991563243625657]
projection_matrix:
  rows: 3
  cols: 4
  data: [757.834409825336, 0, 349.859877586365, 0, 0, 757.834409825336, 299.195484161377, 0, 0, 0, 1, 0]