image_width: 1920
image_height: 1080
camera_name: solarfisheye
camera_matrix:
  rows: 3
  cols: 3
  data: [ 5.4548925767419871e+02, 0., 9.4901283373770411e+02, 0., 5.4540848993964107e+02, 6.0225970945624465e+02, 0., 0., 1. ]
distortion_model: plumb_bob
distortion_coefficients:
  rows: 1
  cols: 4
  data: [ -4.2779262176599900e-02, -4.0191758949835324e-03, -1.5047534660314237e-03, 6.8630683157195477e-04 ]
rectification_matrix:
  rows: 3
  cols: 3
  data: [1, 0, 0, 0, 1, 0, 0, 0, 1]
projection_matrix:
  rows: 3
  cols: 4
  data: [ 5.4548925767419871e+02, 0., 9.4901283373770411e+02, 0., 0., 5.4540848993964107e+02, 6.0225970945624465e+02, 0., 0., 0., 1., 0. ]
