image_width: 4928
image_height: 3264
camera_name: search
camera_matrix:
  rows: 3
  cols: 3
  data: [3939.114743, 0, 2518.780831, 0, 3919.66063, 1627.389755, 0, 0, 1]
distortion_model: plumb_bob
distortion_coefficients:
  rows: 1
  cols: 5
  data: [-0.084492, 0.014007, -0.00014,  0.001086, 0]
rectification_matrix:
  rows: 3
  cols: 3
  data: [1, 0, 0, 0, 1, 0, 0, 0, 1]
projection_matrix:
  rows: 3
  cols: 4
  data: [3808.064941, 0, 2527.676164, 0, 0, 3860.898437, 1626.445524, 0, 0, 0, 1, 0]
