image_width: 480
image_height: 640
camera_name: 00b09d0100a85642
camera_matrix:
  rows: 3
  cols: 3
  data: [579.671927602001, 0, 231.623001380199, 0, 581.170844379762, 329.770672185997, 0, 0, 1]
distortion_model: plumb_bob
distortion_coefficients:
  rows: 1
  cols: 5
  data: [-0.366993107823764, 0.145185421449992, -0.00241264818428149, -0.000436370992040315, 0]
rectification_matrix:
  rows: 3
  cols: 3
  data: [0.997017009141779, 0.0217407623288334, -0.0740568885070307, -0.0215966833237089, 0.99976299370597, 0.00274584877433473, 0.074099033403932, -0.0011382747635173, 0.99725023819459]
projection_matrix:
  rows: 3
  cols: 4
  data: [561.434317823902, 0, 281.551010131836, -84.1860868961602, 0, 561.434317823902, 340.808700561523, 0, 0, 0, 1, 0]