image_width: 640
image_height: 480
camera_name: 00b09d0100ca7fdb
camera_matrix:
  rows: 3
  cols: 3
  data: [607.771987936549, 0, 309.9056386041973, 0, 607.771987936549, 238.8817894957738, 0, 0, 1]
distortion_model: plumb_bob
distortion_coefficients:
  rows: 1
  cols: 5
  data: [-0.3581747604293555, 0.1652583486300541, -0.0002447146491974752, -0.0001821013617095485, 0]
rectification_matrix:
  rows: 3
  cols: 3
  data: [0.9998802719517069, -0.01257866902609827, 0.009012149982795628, 0.01263175651902949, 0.9999030556899361, -0.00585815236849491, -0.008937588546385555, 0.005971290267640873, 0.9999422299330671]
projection_matrix:
  rows: 3
  cols: 4
  data: [606.5740560539806, 0, 302.0504951477051, -49.6046337895371, 0, 606.5740560539806, 230.7300853729248, 0, 0, 0, 1, 0]