image_width: 640
image_height: 480
camera_name: 00b09d0100a85650
camera_matrix:
  rows: 3
  cols: 3
  data: [613.47560618429, 0, 327.157436369841, 0, 611.90197036597, 229.95525003094, 0, 0, 1]
distortion_model: plumb_bob
distortion_coefficients:
  rows: 1
  cols: 5
  data: [-0.371447413656299, 0.181525758444225, 0.000114688424523902, 0.000638745463845058, 0]
rectification_matrix:
  rows: 3
  cols: 3
  data: [0.999108450074298, 0.0242307731322538, 0.0345712976838887, -0.0241443304877855, 0.99970423106765, -0.00291576589178622, -0.0346317238299133, 0.00207846550425062, 0.999397980629197]
projection_matrix:
  rows: 3
  cols: 4
  data: [603.515924740872, 0, 294.188552856445, 0, 0, 603.515924740872, 240.467700958252, 0, 0, 0, 1, 0]