image_width: 752
image_height: 480
camera_name: 00b09d0100bb69fb
camera_matrix:
  rows: 3
  cols: 3
  data: [607.3794113966767, 0, 367.1317731817659, 0, 604.0821938562782, 238.4236120326928, 0, 0, 1]
distortion_model: plumb_bob
distortion_coefficients:
  rows: 1
  cols: 5
  data: [-0.3734645694240684, 0.1739724105600967, 0.0005180631704208013, -0.001159078497546586, 0]
rectification_matrix:
  rows: 3
  cols: 3
  data: [0.9999826600817617, -0.001384513193809562, -0.005723867487970848, 0.001378021961792813, 0.9999984031724956, -0.00113785233320913, 0.005725433719509754, 0.00112994498783788, 0.9999829711715335]
projection_matrix:
  rows: 3
  cols: 4
  data: [574.1496797789642, 0, 370.6151466369629, -58.00626427583498, 0, 574.1496797789642, 242.1170215606689, 0, 0, 0, 1, 0]