image_width: 752
image_height: 480
camera_name: 00b09d0100ca7fd5
camera_matrix:
  rows: 3
  cols: 3
  data: [620.710720567447, 0, 373.017605458538, 0, 617.555193175683, 228.878878634748, 0, 0, 1]
distortion_model: plumb_bob
distortion_coefficients:
  rows: 1
  cols: 5
  data: [-0.3583373663813, 0.163647348399962, 0.00032279295584643, -0.00144726911836108, 0]
rectification_matrix:
  rows: 3
  cols: 3
  data: [0.999880686336676, -0.00266317942520929, 0.015215799888477, 0.00262936052848842, 0.999994029505709, 0.00224219003340033, -0.015221680396995, -0.00220191468585743, 0.999881719013608]
projection_matrix:
  rows: 3
  cols: 4
  data: [599.920957204892, 0, 344.65795135498, -59.5408307158929, 0, 599.920957204892, 232.851482391357, 0, 0, 0, 1, 0]