image_width: 752
image_height: 480
camera_name: 00b09d0100bb69fb
camera_matrix:
  rows: 3
  cols: 3
  data: [611.337442477949, 0, 368.322238293236, 0, 610.521702613977, 227.801070104756, 0, 0, 1]
distortion_model: plumb_bob
distortion_coefficients:
  rows: 1
  cols: 5
  data: [-0.362462875126557, 0.160623521175822, -0.000828517302361505, -0.000471100525023594, 0]
rectification_matrix:
  rows: 3
  cols: 3
  data: [0.999581223330221, 0.00118398234813791, -0.0289132521771157, -0.00113579691534929, 0.999997938873761, 0.0016829181789449, 0.0289151851286702, -0.00164937382943893, 0.999580507830633]
projection_matrix:
  rows: 3
  cols: 4
  data: [581.006127387989, 0, 400.292583465576, 0, 0, 581.006127387989, 226.767196655273, 0, 0, 0, 1, 0]