image_width: 752
image_height: 480
camera_name: 00b09d0100a85719
camera_matrix:
  rows: 3
  cols: 3
  data: [622.199493843996, 0, 387.328213016183, 0, 618.942277174092, 249.49971384257, 0, 0, 1]
distortion_model: plumb_bob
distortion_coefficients:
  rows: 1
  cols: 5
  data: [-0.363454701462526, 0.167094912948488, -0.000939580998955379, -0.000642637557973326, 0]
rectification_matrix:
  rows: 3
  cols: 3
  data: [0.99973974571557, 0.00716835916521502, 0.0216576883218339, -0.00716733007154995, 0.999974306529742, -0.000125139948494573, -0.0216580289087599, -3.01204205025338e-05, 0.999765436928357]
projection_matrix:
  rows: 3
  cols: 4
  data: [604.150681673659, 0, 360.886043548584, 0, 0, 604.150681673659, 242.340562820435, 0, 0, 0, 1, 0]