image_width: 640
image_height: 480
camera_name: 00b09d0100ca7fdb
camera_matrix:
  rows: 3
  cols: 3
  data: [607.5340390594899, 0, 293.4330002902171, 0, 604.7131275665569, 232.8218683623275, 0, 0, 1]
distortion_model: plumb_bob
distortion_coefficients:
  rows: 1
  cols: 5
  data: [-0.3693414405975473, 0.1820563840297312, 0.001555099077027161, -0.0001992026743776172, 0]
rectification_matrix:
  rows: 3
  cols: 3
  data: [0.996819172206567, 0.0517282941019275, -0.06062772889296721, -0.0518513147846246, 0.9986547114544163, -0.0004565577755829958, 0.0605225501488529, 0.003598732999427239, 0.9981603428529299]
projection_matrix:
  rows: 3
  cols: 4
  data: [619.3539424003571, 0, 338.7517929077148, -60.62010797658475, 0, 619.3539424003571, 220.7411575317383, 0, 0, 0, 1, 0]