image_width: 640
image_height: 480
camera_name: 00b09d0100ca7fd5
camera_matrix:
  rows: 3
  cols: 3
  data: [610.6232458710418, 0, 316.7468309172186, 0, 607.6215103542775, 216.4196466355237, 0, 0, 1]
distortion_model: plumb_bob
distortion_coefficients:
  rows: 1
  cols: 5
  data: [-0.371929659519235, 0.1825160894910889, 5.481347541260808e-05, -0.0008424707660284892, 0]
rectification_matrix:
  rows: 3
  cols: 3
  data: [0.9995687396363896, -0.02400488043264001, -0.01691450434195821, 0.02399564855991105, 0.9997117827149414, -0.0007485660312317076, 0.01692759852751429, 0.000342368702618179, 0.9998566593226064]
projection_matrix:
  rows: 3
  cols: 4
  data: [605.9868707624636, 0, 319.536319732666, 58.58309700245864, 0, 605.9868707624636, 226.4784164428711, 0, 0, 0, 1, 0]