image_width: 752
image_height: 480
camera_name: 00b09d0100ca7fd5
camera_matrix:
  rows: 3
  cols: 3
  data: [610.027158120376, 0, 368.135131722811, 0, 609.408427988459, 223.138575477776, 0, 0, 1]
distortion_model: plumb_bob
distortion_coefficients:
  rows: 1
  cols: 5
  data: [-0.364236538370532, 0.163661078185863, 0.000225129609138112, -0.00058211338574048, 0]
rectification_matrix:
  rows: 3
  cols: 3
  data: [0.999891873350494, -0.00316028641387576, 0.0143615527510455, 0.00313048451877008, 0.999992901044741, 0.0020971234586025, -0.0143680783097995, -0.00205193808511667, 0.999894668390515]
projection_matrix:
  rows: 3
  cols: 4
  data: [595.829412866153, 0, 340.111740112305, -59.4319662177044, 0, 595.829412866153, 228.483892440796, 0, 0, 0, 1, 0]