image_width: 640
image_height: 480
camera_name: 00b09d0100bb69fb
camera_matrix:
  rows: 3
  cols: 3
  data: [616.9836884964855, 0, 312.3537294296854, 0, 616.9836884964855, 237.1323735400461, 0, 0, 1]
distortion_model: plumb_bob
distortion_coefficients:
  rows: 1
  cols: 5
  data: [-0.3625491924796747, 0.1616514351237532, 0.001096862513690626, -0.001647550261122064, 0]
rectification_matrix:
  rows: 3
  cols: 3
  data: [0.999702603986883, -0.005914761419122664, -0.02365838496601225, 0.005903804050762628, 0.9999824303658619, -0.0005329702754828964, 0.02366112168886706, 0.0003931373032509826, 0.9997199591703095]
projection_matrix:
  rows: 3
  cols: 4
  data: [604.1500598388948, 0, 329.0213241577148, -48.79514247050187, 0, 604.1500598388948, 246.5955238342285, 0, 0, 0, 1, 0]