image_width: 752
image_height: 480
camera_name: 00b09d0100ca7fd5
camera_matrix:
  rows: 3
  cols: 3
  data: [ 607.962221, 0.000000, 364.669963, 0.000000, 607.529444, 223.239459, 0.000000, 0.000000, 1.000000]
distortion_model: plumb_bob
distortion_coefficients:
  rows: 1
  cols: 5
  data: [-0.363931, 0.158806, -0.000331, -0.000522, 0.000000]
rectification_matrix:
  rows: 3
  cols: 3
  data: [0.998649, 0.026925, 0.044453, -0.026945, 0.999637, -0.000170, -0.044441, -0.001028, 0.999011]
projection_matrix:
  rows: 3
  cols: 4
  data: [602.681041, 0.000000, 313.541832, -59.675803, 0.000000, 602.681041, 231.321402, 0.000000, 0.000000, 0.000000, 1.000000, 0.000000]
