image_width: 752
image_height: 480
camera_name: 00b09d0100bb69f3
camera_matrix:
  rows: 3
  cols: 3
  data: [606.9670150837627, 0, 366.5276328564329, 0, 604.0754305830268, 225.5542420167083, 0, 0, 1]
distortion_model: plumb_bob
distortion_coefficients:
  rows: 1
  cols: 5
  data: [-0.3681859357155031, 0.1690005394443946, 0.001222980724300573, -0.001016907350956198, 0]
rectification_matrix:
  rows: 3
  cols: 3
  data: [0.9999756470253577, 0.005161959616482611, 0.004696757299971524, -0.005163640874493091, 0.9999866084914684, 0.0003459055509305499, -0.004694908852821051, -0.0003701494950731542, 0.9999889103486173]
projection_matrix:
  rows: 3
  cols: 4
  data: [586.6599502047695, 0, 370.5538291931152, -57.97041674184276, 0, 586.6599502047695, 231.6135406494141, 0, 0, 0, 1, 0]