image_width: 752
image_height: 480
camera_name: 00b09d0100ca7fdb
camera_matrix:
  rows: 3
  cols: 3
  data: [611.363384715986, 0, 350.307542108822, 0, 610.626603933125, 235.044017039523, 0, 0, 1]
distortion_model: plumb_bob
distortion_coefficients:
  rows: 1
  cols: 5
  data: [-0.361048166352852, 0.153851689637439, 0.000222815286169806, -0.000628784822387837, 0]
rectification_matrix:
  rows: 3
  cols: 3
  data: [0.999674900337671, -0.00523378704325951, 0.024953979803881, 0.00528554918499768, 0.999984013724394, -0.00200879701911291, -0.0249430672668712, 0.00214003944749516, 0.999686582698039]
projection_matrix:
  rows: 3
  cols: 4
  data: [595.829412866153, 0, 340.111740112305, 0, 0, 595.829412866153, 228.483892440796, 0, 0, 0, 1, 0]