image_width: 752
image_height: 480
camera_name: 00b09d0100a85719
camera_matrix:
  rows: 3
  cols: 3
  data: [620.373932578167, 0, 381.292334134546, 0, 619.541492420062, 247.885451367962, 0, 0, 1]
distortion_model: plumb_bob
distortion_coefficients:
  rows: 1
  cols: 5
  data: [-0.363351452847654, 0.159866617273867, -0.000355344375801942, -0.000215118107869636, 0]
rectification_matrix:
  rows: 3
  cols: 3
  data: [0.999321687782763, 0.00921132227323081, -0.0356555166697696, -0.00921912438184569, 0.999957501489355, -5.44132177386057e-05, 0.0356535001457304, 0.000383088951665849, 0.999364138425135]
projection_matrix:
  rows: 3
  cols: 4
  data: [608.48370966827, 0, 398.133209228516, 0, 0, 608.48370966827, 239.523105621338, 0, 0, 0, 1, 0]