image_width: 640
image_height: 480
camera_name: 00b09d0100a85642
camera_matrix:
  rows: 3
  cols: 3
  data: [609.863654418355, 0, 308.691624428309, 0, 608.333744654371, 252.368625240146, 0, 0, 1]
distortion_model: plumb_bob
distortion_coefficients:
  rows: 1
  cols: 5
  data: [-0.365206339338672, 0.182166586229756, -0.0013194789186452, 0.000499591783926011, 0]
rectification_matrix:
  rows: 3
  cols: 3
  data: [0.999596761910698, 0.0177239623903004, 0.0221850114905006, -0.0177946933781457, 0.999837176545844, 0.0029948763602854, -0.0221283181743259, -0.00338844418912826, 0.999749396589342]
projection_matrix:
  rows: 3
  cols: 4
  data: [599.900027397054, 0, 302.646686553955, -105.126542450989, 0, 599.900027397054, 241.649713516235, 0, 0, 0, 1, 0]