image_width: 640
image_height: 480
camera_name: 00b09d0100bd09ce
camera_matrix:
  rows: 3
  cols: 3
  data: [613.688437919292, 0, 314.2938203773674, 0, 613.688437919292, 253.1116126370678, 0, 0, 1]
distortion_model: plumb_bob
distortion_coefficients:
  rows: 1
  cols: 5
  data: [-0.3577805546474045, 0.1606504909076331, 0.00107249870392328, -0.002586501049987207, 0]
rectification_matrix:
  rows: 3
  cols: 3
  data: [0.9995084534310016, -0.009328430277828996, -0.02993045119136908, 0.009342291420305493, 0.9999563075791397, 0.0003233012700693864, 0.02992612756414251, -0.0006027613498103611, 0.9995519314011503]
projection_matrix:
  rows: 3
  cols: 4
  data: [604.1500598388948, 0, 329.0213241577148, 0, 0, 604.1500598388948, 246.5955238342285, 0, 0, 0, 1, 0]