image_width: 640
image_height: 480
camera_name: 00b09d0100a85650
camera_matrix:
  rows: 3
  cols: 3
  data: [613.719522295621, 0, 322.74941581766, 0, 613.682683359149, 244.449754830796, 0, 0, 1]
distortion_model: plumb_bob
distortion_coefficients:
  rows: 1
  cols: 5
  data: [-0.368859545046083, 0.172438329550697, 0.000545288881316669, 0.000347896802400105, 0]
rectification_matrix:
  rows: 3
  cols: 3
  data: [0.999951256885672, 0.00930745830013785, -0.00329470374341136, -0.00927142458273848, 0.999898822569291, 0.0107882023874274, 0.00339478113760607, -0.0107571299395656, 0.999936377784352]
projection_matrix:
  rows: 3
  cols: 4
  data: [579.222911750021, 0, 321.426746368408, 0, 0, 579.222911750021, 238.489776611328, 0, 0, 0, 1, 0]