image_width: 640
image_height: 480
camera_name: 00b09d0100a85642
camera_matrix:
  rows: 3
  cols: 3
  data: [607.6595285767554, 0, 309.0728588052405, 0, 608.7200645288488, 254.6246160547846, 0, 0, 1]
distortion_model: plumb_bob
distortion_coefficients:
  rows: 1
  cols: 5
  data: [-0.3728203046067536, 0.1748492500137077, -0.003944267895791346, -0.002560768319289098, 0]
rectification_matrix:
  rows: 3
  cols: 3
  data: [0.9998664654975804, 0.01590374231875134, 0.003757945400699877, -0.01590103884426765, 0.9998732905599894, -0.0007481900907654909, -0.003769368255951557, 0.0006883349457828546, 0.9999926590020315]
projection_matrix:
  rows: 3
  cols: 4
  data: [577.0542853453749, 0, 307.3185958862305, -28.88997191064123, 0, 577.0542853453749, 253.7962532043457, 0, 0, 0, 1, 0]