image_width: 640
image_height: 480
camera_name: 00b09d0100bd09ce
camera_matrix:
  rows: 3
  cols: 3
  data: [604.2771117246514, 0, 303.165058383306, 0, 599.6906645681927, 243.6791577858826, 0, 0, 1]
distortion_model: plumb_bob
distortion_coefficients:
  rows: 1
  cols: 5
  data: [-0.3733023016318601, 0.1708977467709806, -0.0002468783664166432, 0.000160598911063333, 0]
rectification_matrix:
  rows: 3
  cols: 3
  data: [0.9829761330640759, -0.02105996232678542, 0.1825223268895903, 0.02037714151939198, 0.9997765923464296, 0.005615825821716469, -0.1825998190850548, -0.001800939464714324, 0.9831856705053984]
projection_matrix:
  rows: 3
  cols: 4
  data: [597.9050579255774, 0, 162.4698314666748, 0, 0, 597.9050579255774, 230.1436367034912, 0, 0, 0, 1, 0]