image_width: 640
image_height: 480
camera_name: 00b09d0100a85650
camera_matrix:
  rows: 3
  cols: 3
  data: [610.141156883852, 0, 326.584020103981, 0, 608.816858743386, 226.491109594772, 0, 0, 1]
distortion_model: plumb_bob
distortion_coefficients:
  rows: 1
  cols: 5
  data: [-0.367944042126774, 0.183253232424787, -0.000155129196019601, 0.00114149991269173, 0]
rectification_matrix:
  rows: 3
  cols: 3
  data: [0.999855616365112, 0.0168046707250613, -0.00251981447025189, -0.0168106661460387, 0.999855864558795, -0.00237731174033063, 0.00247950133467434, 0.00241932825522966, 0.999993999443959]
projection_matrix:
  rows: 3
  cols: 4
  data: [586.593687297253, 0, 318.316848754883, 0, 0, 586.593687297253, 231.723478317261, 0, 0, 0, 1, 0]