image_width: 640
image_height: 480
camera_name: 00b09d0100ca7fdb
camera_matrix:
  rows: 3
  cols: 3
  data: [612.0472619093229, 0, 300.6278594866794, 0, 612.0472619093229, 235.5384704790824, 0, 0, 1]
distortion_model: plumb_bob
distortion_coefficients:
  rows: 1
  cols: 5
  data: [-0.3657137641173713, 0.1807045396326875, 0.003294881560085366, -0.001335931003454271, 0]
rectification_matrix:
  rows: 3
  cols: 3
  data: [0.9945278451452436, -0.1043227791453059, -0.005578797554854176, 0.104334502958428, 0.99454053669325, 0.00185266465397137, 0.005355065188781106, -0.002424587656082287, 0.9999827221764993]
projection_matrix:
  rows: 3
  cols: 4
  data: [635.7541814283115, 0, 305.8027458190918, -64.687066611668, 0, 635.7541814283115, 224.3457946777344, 0, 0, 0, 1, 0]