image_width: 752
image_height: 480
camera_name: 00b09d0100bd09ce
camera_matrix:
  rows: 3
  cols: 3
  data: [611.344714252341, 0, 373.80742764484, 0, 610.570189739953, 249.10715037822, 0, 0, 1]
distortion_model: plumb_bob
distortion_coefficients:
  rows: 1
  cols: 5
  data: [-0.360777265682381, 0.161208024761128, 0.000447830995370148, -2.76355945902232e-05, 0]
rectification_matrix:
  rows: 3
  cols: 3
  data: [0.99982197381593, -0.0156129034931538, -0.0105951837799335, 0.0156246714839448, 0.999877398067138, 0.00102882238965169, 0.0105778218852418, -0.00119418549820105, 0.999943340197413]
projection_matrix:
  rows: 3
  cols: 4
  data: [585.409117226266, 0, 375.742412567139, 0, 0, 585.409117226266, 245.878665924072, 0, 0, 0, 1, 0]