image_width: 640
image_height: 480
camera_name: 00b09d0100bb69fb
camera_matrix:
  rows: 3
  cols: 3
  data: [613.821830773553, 0, 325.897905026633, 0, 613.026402289867, 231.148880757556, 0, 0, 1]
distortion_model: plumb_bob
distortion_coefficients:
  rows: 1
  cols: 5
  data: [-0.368752001050541, 0.173127406989183, -0.00189073221873579, -0.00024452672925374, 0]
rectification_matrix:
  rows: 3
  cols: 3
  data: [0.999998310291764, -0.000764331544568781, 0.00167188842522324, 0.00079307033871307, 0.999850775119004, -0.0172568401905987, -0.0016584489905547, 0.0172581369566934, 0.999849691831592]
projection_matrix:
  rows: 3
  cols: 4
  data: [621.522605605982, 0, 321.349002838135, 0, 0, 621.522605605982, 256.176261901855, 0, 0, 0, 1, 0]