image_width: 640
image_height: 480
camera_name: 00b09d0100a85719
camera_matrix:
  rows: 3
  cols: 3
  data: [611.869510805955, 0, 321.049701123127, 0, 611.934828377757, 238.090631239512, 0, 0, 1]
distortion_model: plumb_bob
distortion_coefficients:
  rows: 1
  cols: 5
  data: [-0.362331275113536, 0.159781432355051, -0.000117569359362598, -0.000133513785975235, 0]
rectification_matrix:
  rows: 3
  cols: 3
  data: [0.999960248739521, 0.00383248965353602, 0.00805064990232763, -0.00382844226189934, 0.999992537277486, -0.000518091866622628, -0.00805257540427977, 0.000487249823496063, 0.999967458779018]
projection_matrix:
  rows: 3
  cols: 4
  data: [589.102839597491, 0, 310.608417510986, -177.991627787639, 0, 589.102839597491, 234.226615905762, 0, 0, 0, 1, 0]