image_width: 480
image_height: 640
camera_name: 00b09d0100a85650
camera_matrix:
  rows: 3
  cols: 3
  data: [1077.10837561055, 0, 223.995645628782, 0, 1075.46687765883, 266.707288930132, 0, 0, 1]
distortion_model: plumb_bob
distortion_coefficients:
  rows: 1
  cols: 5
  data: [-0.104237185503201, -0.0860888521896798, -0.0123795517400345, -0.00424802232464001, 0]
rectification_matrix:
  rows: 3
  cols: 3
  data: [0.999907770121537, 0.0135812749188523, -1.49048458341818e-05, -0.0135812367980719, 0.99990089360195, -0.00370850118734197, -3.5462805493585e-05, 0.00370836157896889, 0.999993123374751]
projection_matrix:
  rows: 3
  cols: 4
  data: [1120.45634941197, 0, 214.11470413208, 0, 0, 1120.45634941197, 256.846008300781, 0, 0, 0, 1, 0]