image_width: 640
image_height: 480
camera_name: 00b09d0100ca7fd5
camera_matrix:
  rows: 3
  cols: 3
  data: [610.3576897889021, 0, 311.7554099013902, 0, 610.3576897889021, 224.3165814077483, 0, 0, 1]
distortion_model: plumb_bob
distortion_coefficients:
  rows: 1
  cols: 5
  data: [-0.3634320620842338, 0.1781856491184854, 0.0001525241544910771, -0.0009818645036799606, 0]
rectification_matrix:
  rows: 3
  cols: 3
  data: [0.9999464954218178, -0.003446615271599499, 0.009753314144128965, 0.003388864344197746, 0.9999766661556133, 0.005931504257905887, -0.00977353017497328, -0.005898134236731787, 0.9999348429375007]
projection_matrix:
  rows: 3
  cols: 4
  data: [606.5740560539806, 0, 302.0504951477051, 0, 0, 606.5740560539806, 230.7300853729248, 0, 0, 0, 1, 0]