image_width: 640
image_height: 480
camera_name: 00b09d0100a85642
camera_matrix:
  rows: 3
  cols: 3
  data: [609.108840141132, 0, 306.223874830507, 0, 608.038109480484, 238.685779731928, 0, 0, 1]
distortion_model: plumb_bob
distortion_coefficients:
  rows: 1
  cols: 5
  data: [-0.366482330488464, 0.184834999952272, -0.00070077181327359, 0.000532291680682243, 0]
rectification_matrix:
  rows: 3
  cols: 3
  data: [0.999778266892527, 0.0209442424252082, -0.00218077018731972, -0.020938951515583, 0.999777823948592, 0.00242137358667426, 0.00223099950781173, -0.00237517364676561, 0.999994690581577]
projection_matrix:
  rows: 3
  cols: 4
  data: [586.593687297253, 0, 318.316848754883, -29.2681919365434, 0, 586.593687297253, 231.723478317261, 0, 0, 0, 1, 0]