image_width: 752
image_height: 480
camera_name: 00b09d0100bb69fb 
camera_matrix:
  rows: 3
  cols: 3
  data: [611.231271, 0.000000, 373.703101, 0.000000, 610.460246, 227.637412, 0.000000, 0.000000, 1.000000] 
distortion_model: plumb_bob
distortion_coefficients:
  rows: 1
  cols: 5
  data: [-0.359733, 0.151376, -0.000045, -0.000425, 0.000000]
rectification_matrix:
  rows: 3
  cols: 3
  data: [0.999653, -0.007296, 0.025323, 0.007212, 0.999968, 0.003394, -0.025347, -0.003210, 0.999674]
projection_matrix:
  rows: 3
  cols: 4
  data: [584.308206, 0.000000, 360.710388, 0.000000, 0.000000, 584.308206, 227.636732, 0.000000, 0.000000, 0.000000, 1.000000, 0.000000]
