image_width: 640
image_height: 480
camera_name: 00b09d0100bd09ce
camera_matrix:
  rows: 3
  cols: 3
  data: [611.484349442305, 0, 316.734520310043, 0, 610.372661432554, 261.00787054881, 0, 0, 1]
distortion_model: plumb_bob
distortion_coefficients:
  rows: 1
  cols: 5
  data: [-0.357381065799365, 0.13747844158566, -0.00207860665452129, -0.000188995986587404, 0]
rectification_matrix:
  rows: 3
  cols: 3
  data: [0.999998139979233, 0.00096010449811591, -0.00167279330069479, -0.000986160681795215, 0.999877109280261, -0.0156458884202129, 0.00165756604207283, 0.0156475089615174, 0.99987619630538]
projection_matrix:
  rows: 3
  cols: 4
  data: [621.522605605982, 0, 321.349002838135, 0, 0, 621.522605605982, 256.176261901855, 3.1356490051915, 0, 0, 1, 0]