image_width: 752
image_height: 480
camera_name: 00b09d0100bb69f3
camera_matrix:
  rows: 3
  cols: 3
  data: [608.2544197922247, 0, 364.9518441751238, 0, 604.9230042829414, 232.1267521251658, 0, 0, 1]
distortion_model: plumb_bob
distortion_coefficients:
  rows: 1
  cols: 5
  data: [-0.3594655612459328, 0.1639927831796089, 0.0002207488357599877, -0.0003831206587992486, 0]
rectification_matrix:
  rows: 3
  cols: 3
  data: [0.9962642909164374, -0.0003050026760325251, 0.08635606300738749, 0.0002565036764555452, 0.9999998031033349, 0.0005727121051456569, -0.08635622068289137, -0.000548421971686596, 0.9962641729896288]
projection_matrix:
  rows: 3
  cols: 4
  data: [587.8507130936955, 0, 306.3675193786621, -58.67165211620291, 0, 587.8507130936955, 237.2602386474609, 0, 0, 0, 1, 0]