image_width: 640
image_height: 480
camera_name: 00b09d0100a85719
camera_matrix:
  rows: 3
  cols: 3
  data: [616.6522379923778, 0, 326.8789660452036, 0, 616.6522379923778, 249.1256059582023, 0, 0, 1]
distortion_model: plumb_bob
distortion_coefficients:
  rows: 1
  cols: 5
  data: [-0.3740720324980892, 0.1867615646211551, 0.0007300763867946015, -0.0009095295080767142, 0]
rectification_matrix:
  rows: 3
  cols: 3
  data: [0.9998415870729499, 0.008625073094653098, -0.01556948533370862, -0.008549685758872013, 0.9999514350702645, 0.004902078573751194, 0.01561100998876176, -0.004768187814105109, 0.9998667715011338]
projection_matrix:
  rows: 3
  cols: 4
  data: [598.8791012546957, 0, 327.7032089233398, 0, 0, 598.8791012546957, 240.5933933258057, 0, 0, 0, 1, 0]