image_width: 752
image_height: 480
camera_name: 00b09d0100bd09ce
camera_matrix:
  rows: 3
  cols: 3
  data: [629.792210333116, 0, 362.583439948119, 0, 626.815167605133, 250.308778343526, 0, 0, 1]
distortion_model: plumb_bob
distortion_coefficients:
  rows: 1
  cols: 5
  data: [-0.357236797726866, 0.158495957993277, 4.65975948054354e-05, 0.00139958674379943, 0]
rectification_matrix:
  rows: 3
  cols: 3
  data: [0.998980038109565, -0.0084084940209083, -0.044364182477673, 0.00854362597615266, 0.999959420501886, 0.00285723725155128, 0.0443383571390678, -0.00323335396026979, 0.99901133902893]
projection_matrix:
  rows: 3
  cols: 4
  data: [600.343849432851, 0, 394.663555145264, 0, 0, 600.343849432851, 247.329860687256, 0, 0, 0, 1, 0]