image_width: 752
image_height: 480
camera_name: 00b09d0100bb69f3
camera_matrix:
  rows: 3
  cols: 3
  data: [621.514240468425, 0, 358.573732244414, 0, 620.796807901791, 231.549733651404, 0, 0, 1]
distortion_model: plumb_bob
distortion_coefficients:
  rows: 1
  cols: 5
  data: [-0.366005169027758, 0.163540803346866, 3.29261167179864e-05, 0.00019475302810054, 0]
rectification_matrix:
  rows: 3
  cols: 3
  data: [0.999175211663863, 0.0106482723782493, -0.0391855929116049, -0.0106396970100127, 0.999943305489486, 0.00042738073857791, 0.0391879221701091, -1.01054041924294e-05, 0.999231858306104]
projection_matrix:
  rows: 3
  cols: 4
  data: [608.48370966827, 0, 398.133209228516, -60.8026169940631, 0, 608.48370966827, 239.523105621338, 0, 0, 0, 1, 0]