image_width: 640
image_height: 480
camera_name: 00b09d0100a85719
camera_matrix:
  rows: 3
  cols: 3
  data: [612.2077048872757, 0, 332.1614223162764, 0, 609.3809287431177, 242.1452944987499, 0, 0, 1]
distortion_model: plumb_bob
distortion_coefficients:
  rows: 1
  cols: 5
  data: [-0.3703348890909982, 0.1775255525689256, 0.0002638369860073981, -0.001341030765411373, 0]
rectification_matrix:
  rows: 3
  cols: 3
  data: [0.9966517291333066, 0.03671800555493525, 0.07305558762789929, -0.03673734447424087, 0.9993243729164722, -0.001079451749985069, -0.07304586460964708, -0.00160803083531559, 0.9973272862507381]
projection_matrix:
  rows: 3
  cols: 4
  data: [605.9486159297617, 0, 272.2687587738037, 0, 0, 605.9486159297617, 237.1679611206055, 0, 0, 0, 1, 0]