image_width: 752
image_height: 480
camera_name: 00b09d0100ca7fdb
camera_matrix:
  rows: 3
  cols: 3
  data: [602.2707062736807, 0, 346.0961507216218, 0, 599.4417825783213, 232.122038683495, 0, 0, 1]
distortion_model: plumb_bob
distortion_coefficients:
  rows: 1
  cols: 5
  data: [-0.3584904782885474, 0.1512180946415439, 0.001159706528479352, -0.0004289503849421674, 0]
rectification_matrix:
  rows: 3
  cols: 3
  data: [0.9923760193902471, -0.002751886468844296, -0.1232163270838345, 0.002233318455815272, 0.9999880599655117, -0.004346517581617704, 0.123226816999559, 0.004038198518521402, 0.9923703162251892]
projection_matrix:
  rows: 3
  cols: 4
  data: [592.0207957189166, 0, 446.3744583129883, 0, 0, 592.0207957189166, 227.431755065918, 0, 0, 0, 1, 0]