image_width: 752
image_height: 480
camera_name: 00b09d0100a85719
camera_matrix:
  rows: 3
  cols: 3
  data: [611.91420596632, 0, 383.137232739673, 0, 611.486280116205, 243.979581736168, 0, 0, 1]
distortion_model: plumb_bob
distortion_coefficients:
  rows: 1
  cols: 5
  data: [-0.364420428909344, 0.1616169179698, -0.00051453556161375, -0.000259777475285383, 0]
rectification_matrix:
  rows: 3
  cols: 3
  data: [0.926688923535106, -0.0154554966779058, -0.375511340201313, 0.0142165086110737, 0.999880515609254, -0.00607004018801714, 0.375560287943571, 0.000286578806120642, 0.926797921875276]
projection_matrix:
  rows: 3
  cols: 4
  data: [660.459651844261, 0, 717.818035125732, 0, 0, 660.459651844261, 240.256950378418, 0, 0, 0, 1, 0]