image_width: 752
image_height: 480
camera_name: 00b09d0100bd09ce
camera_matrix:
  rows: 3
  cols: 3
  data: [611.415892, 0.000000, 369.290560, 0.000000, 610.485182, 229.917943, 0.000000, 0.000000, 1.000000]
distortion_model: plumb_bob
distortion_coefficients:
  rows: 1
  cols: 5
  data: [-0.359117, 0.150964, -0.000244, -0.000033, 0.000000]
rectification_matrix:
  rows: 3
  cols: 3
  data: [0.999976, -0.006845, -0.000466, 0.006844, 0.999971, -0.003304, 0.000489, 0.003301, 0.999994]
projection_matrix:
  rows: 3
  cols: 4
  data: [584.308206, 0.000000, 360.710388, -58.164369, 0.000000, 584.308206, 227.636732, 0.000000, 0.000000, 0.000000, 1.000000, 0.000000]
