image_width: 640
image_height: 480
camera_name: 00b09d0100a85719
camera_matrix:
  rows: 3
  cols: 3
  data: [617.6720733755827, 0, 311.8011152558224, 0, 617.6720733755827, 239.3100777838888, 0, 0, 1]
distortion_model: plumb_bob
distortion_coefficients:
  rows: 1
  cols: 5
  data: [-0.3680393378606197, 0.1578863148384027, 0.002059293211752873, 0.004916012094892896, 0]
rectification_matrix:
  rows: 3
  cols: 3
  data: [0.9966987354512957, -0.03256800475474447, 0.07437039610008077, 0.03270141446609982, 0.9994649994333187, -0.0005765411283771493, -0.07431183110181261, 0.003006654960465937, 0.9972305208848377]
projection_matrix:
  rows: 3
  cols: 4
  data: [608.2493157495458, 0, 251.1087779998779, 0, 0, 608.2493157495458, 232.1359348297119, 0, 0, 0, 1, 0]