image_width: 640
image_height: 480
camera_name: 00b09d0100bb69f3
camera_matrix:
  rows: 3
  cols: 3
  data: [616.2922971755362, 0, 311.1577494383955, 0, 616.2922971755362, 231.2724768117433, 0, 0, 1]
distortion_model: plumb_bob
distortion_coefficients:
  rows: 1
  cols: 5
  data: [-0.3604131022802272, 0.1511619713249428, 0.0004631056315074684, -0.00128510201308162, 0]
rectification_matrix:
  rows: 3
  cols: 3
  data: [0.9996545738877092, 0.02289617286175917, -0.01290341713140113, -0.02295830275364491, 0.9997254336938083, -0.004687596441577096, 0.01279254626938964, 0.004982217780421583, 0.9999057596923493]
projection_matrix:
  rows: 3
  cols: 4
  data: [598.8791012546957, 0, 327.7032089233398, -48.22092930545832, 0, 598.8791012546957, 240.5933933258057, 0, 0, 0, 1, 0]