image_width: 640
image_height: 480
camera_name: 00b09d0100bd09ce
camera_matrix:
  rows: 3
  cols: 3
  data: [609.4018870566936, 0, 306.6591161292062, 0, 606.1147318643688, 245.9176809551247, 0, 0, 1]
distortion_model: plumb_bob
distortion_coefficients:
  rows: 1
  cols: 5
  data: [-0.3579082343174988, 0.1540030496739686, 0.001050843849518195, 0.0002308240758127792, 0]
rectification_matrix:
  rows: 3
  cols: 3
  data: [0.9998916437493184, 0.007215786348862525, 0.0128309464831617, -0.007197337271856256, 0.9999729984859667, -0.001483453801054973, -0.012841304313867, 0.001390944410206577, 0.9999165796091024]
projection_matrix:
  rows: 3
  cols: 4
  data: [591.9126315509563, 0, 292.3952217102051, 0, 0, 591.9126315509563, 240.8321323394775, 0, 0, 0, 1, 0]