image_width: 640
image_height: 480
camera_name: 00b09d0100bb69f3
camera_matrix:
  rows: 3
  cols: 3
  data: [613.4215846847715, 0, 291.1478110668059, 0, 613.4215846847715, 225.6357088251821, 0, 0, 1]
distortion_model: plumb_bob
distortion_coefficients:
  rows: 1
  cols: 5
  data: [-0.3627211686544027, 0.1623419343633049, 0.002459048594429073, 0.004326004821356079, 0]
rectification_matrix:
  rows: 3
  cols: 3
  data: [0.9974024287168383, -0.02231318183712481, 0.06848734997103965, 0.02219026289966253, 0.9997505007017772, 0.002555108410542753, -0.06852727502386276, -0.001028719033151583, 0.9976487128819216]
projection_matrix:
  rows: 3
  cols: 4
  data: [608.2493157495458, 0, 251.1087779998779, -62.11759668132464, 0, 608.2493157495458, 232.1359348297119, 0, 0, 0, 1, 0]