image_width: 640
image_height: 480
camera_name: 00b09d0100ca7fd5
camera_matrix:
  rows: 3
  cols: 3
  data: [619.7336102134714, 0, 318.8532565255656, 0, 619.7336102134714, 217.9856841955633, 0, 0, 1]
distortion_model: plumb_bob
distortion_coefficients:
  rows: 1
  cols: 5
  data: [-0.3852504153310929, 0.2130977001631143, 0.0006817191055718966, -0.005674064580951436, 0]
rectification_matrix:
  rows: 3
  cols: 3
  data: [0.9990906055195393, -0.0008425457818844254, -0.04262923972117893, 0.0008486878159844505, 0.9999996319285912, 0.0001259828286095241, 0.04262911788427377, -0.0001620471768765893, 0.9990909528411921]
projection_matrix:
  rows: 3
  cols: 4
  data: [617.506024617495, 0, 338.0251045227051, 0, 0, 617.506024617495, 228.6151256561279, 0, 0, 0, 1, 0]