image_width: 640
image_height: 480
camera_name: 00b09d0100bd09ce
camera_matrix:
  rows: 3
  cols: 3
  data: [611.375882667235, 0, 308.97750265144, 0, 611.519045842394, 256.583203904799, 0, 0, 1]
distortion_model: plumb_bob
distortion_coefficients:
  rows: 1
  cols: 5
  data: [-0.374649355086917, 0.193359481428275, -0.000216403659632795, -0.000188925102586857, 0]
rectification_matrix:
  rows: 3
  cols: 3
  data: [0.999555079786656, 0.002591612129095, -0.0297140710651518, -0.00249945319224866, 0.999991952032879, 0.00313824843052341, 0.0297219650499815, -0.00306258323058367, 0.999553513013447]
projection_matrix:
  rows: 3
  cols: 4
  data: [621.294010682482, 0, 340.031394958496, -31.8074440621111, 0, 621.294010682482, 239.120246887207, 0, 0, 0, 1, 0]
