image_width: 752
image_height: 480
camera_name: 00b09d0100a85719
camera_matrix:
  rows: 3
  cols: 3
  data: [615.857022912928, 0, 372.178262588715, 0, 616.210399428497, 236.338104817389, 0, 0, 1]
distortion_model: plumb_bob
distortion_coefficients:
  rows: 1
  cols: 5
  data: [-0.366882370727586, 0.170564306050143, -9.01391428410513e-05, 0.000474473919833152, 0]
rectification_matrix:
  rows: 3
  cols: 3
  data: [0.999877042657958, 0.00423163250266277, 0.0150994321726919, -0.00421297535611796, 0.999990322456907, -0.00126721394367126, -0.0151046484309983, 0.00120344459477801, 0.999885194068241]
projection_matrix:
  rows: 3
  cols: 4
  data: [585.846326641438, 0, 358.949993133545, -121.613462705472, 0, 585.846326641438, 236.126308441162, 0, 0, 0, 1, 0]