image_width: 752
image_height: 480
camera_name: 00b09d0100ca7fdb
camera_matrix:
  rows: 3
  cols: 3
  data: [612.064638708604, 0, 353.126719292285, 0, 609.831153137701, 245.503774589541, 0, 0, 1]
distortion_model: plumb_bob
distortion_coefficients:
  rows: 1
  cols: 5
  data: [-0.356792764639276, 0.15051833510749, -0.000720507721136793, 0.00110362694708318, 0]
rectification_matrix:
  rows: 3
  cols: 3
  data: [0.982933867615258, 0.0182449298503668, -0.18305227239689, -0.017570591378057, 0.999831550449028, 0.00530519041304013, 0.183118230150729, -0.00199831465201439, 0.983088867053745]
projection_matrix:
  rows: 3
  cols: 4
  data: [605.696823509665, 0, 509.255182266235, 0, 0, 605.696823509665, 234.507879257202, 0, 0, 0, 1, 0]