image_width: 640
image_height: 480
camera_name: 00b09d0100a85650
camera_matrix:
  rows: 3
  cols: 3
  data: [611.736044875317, 0, 322.63279272508, 0, 609.852563861481, 222.699193509608, 0, 0, 1]
distortion_model: plumb_bob
distortion_coefficients:
  rows: 1
  cols: 5
  data: [-0.369638586759237, 0.191543733387998, 0.000848765691222232, 0.000932001791806973, 0]
rectification_matrix:
  rows: 3
  cols: 3
  data: [0.999932676554937, 0.00870853216706416, -0.00766836522186262, -0.00872946984939032, 0.999958249141557, -0.00270117194953413, 0.00764452181822045, 0.00276793086033114, 0.99996694937629]
projection_matrix:
  rows: 3
  cols: 4
  data: [593.916976717273, 0, 319.635913848877, 0, 0, 593.916976717273, 230.508083343506, 0, 0, 0, 1, 0]