image_width: 752
image_height: 480
camera_name: 00b09d0100a85719
camera_matrix:
  rows: 3
  cols: 3
  data: [612.3038807029582, 0, 384.9624697240954, 0, 608.8074659556405, 241.9119449905095, 0, 0, 1]
distortion_model: plumb_bob
distortion_coefficients:
  rows: 1
  cols: 5
  data: [-0.3560553095803014, 0.1514613523267479, 0.0006988812071694427, -0.0009331855498014134, 0]
rectification_matrix:
  rows: 3
  cols: 3
  data: [0.9960061306468933, -0.001425110723579879, 0.08927349423669664, 0.001475251168739825, 0.9999987889717885, -0.0004956701981550049, -0.08927267973906185, 0.0006253913828515005, 0.9960070268516309]
projection_matrix:
  rows: 3
  cols: 4
  data: [587.8507130936955, 0, 306.3675193786621, 0, 0, 587.8507130936955, 237.2602386474609, 0, 0, 0, 1, 0]