image_width: 640
image_height: 480
camera_name: 00b09d0100a85650
camera_matrix:
  rows: 3
  cols: 3
  data: [612.184846400706, 0, 326.087753483355, 0, 610.740888464836, 231.360370819163, 0, 0, 1]
distortion_model: plumb_bob
distortion_coefficients:
  rows: 1
  cols: 5
  data: [-0.370562987089632, 0.183601322276247, -0.000419315832609519, 0.000806358190179822, 0]
rectification_matrix:
  rows: 3
  cols: 3
  data: [0.999946268696441, 0.0089844875628921, 0.00517094800753317, -0.00897621042731332, 0.999958398021123, -0.00162168843934418, -0.00518530292547758, 0.00157518578648603, 0.999985315603839]
projection_matrix:
  rows: 3
  cols: 4
  data: [593.557270446439, 0, 312.777187347412, 0, 0, 593.557270446439, 238.68159866333, 0, 0, 0, 1, 0]