image_width: 752
image_height: 480
camera_name: 00b09d0100bd09ce
camera_matrix:
  rows: 3
  cols: 3
  data: [611.984350665802, 0, 371.822131421238, 0, 608.879529643671, 249.869425135467, 0, 0, 1]
distortion_model: plumb_bob
distortion_coefficients:
  rows: 1
  cols: 5
  data: [-0.34736766545942, 0.139609776304665, 0.000933554563570409, -0.00114233116179297, 0]
rectification_matrix:
  rows: 3
  cols: 3
  data: [0.999881350249898, 0.000951208074229975, 0.0153746748141117, -0.000988761588293712, 0.9999965462163, 0.00243513983014271, -0.0153723053886421, -0.00245005278929911, 0.999878837393996]
projection_matrix:
  rows: 3
  cols: 4
  data: [579.031111281414, 0, 355.046241760254, 0, 0, 579.031111281414, 248.105127334595, 0, 0, 0, 1, 0]