image_width: 640
image_height: 480
camera_name: 00b09d0100bb69fb
camera_matrix:
  rows: 3
  cols: 3
  data: [608.9056303354175, 0, 302.8543678168971, 0, 605.9035727645498, 233.3769153500201, 0, 0, 1]
distortion_model: plumb_bob
distortion_coefficients:
  rows: 1
  cols: 5
  data: [-0.3614270942736129, 0.1607592371961331, 0.001318369487231381, -2.24964349279936e-05, 0]
rectification_matrix:
  rows: 3
  cols: 3
  data: [0.9998231510862748, 0.01276897020741442, 0.01380651845159921, -0.01278880114899478, 0.9999173099506227, 0.001349009370577643, -0.01378815132944429, -0.001525339618773282, 0.9999037754814029]
projection_matrix:
  rows: 3
  cols: 4
  data: [591.9126315509563, 0, 292.3952217102051, -61.03918548539932, 0, 591.9126315509563, 240.8321323394775, 0, 0, 0, 1, 0]