image_width: 640
image_height: 480
camera_name: 00b09d0100a8563d
camera_matrix:
  rows: 3
  cols: 3
  data: [597.759982216168, 0, 313.414070475726, 0, 598.629869272139, 236.246073810479, 0, 0, 1]
distortion_model: plumb_bob
distortion_coefficients:
  rows: 1
  cols: 5
  data: [-0.376634370030892, 0.185398787061221, 0.000351868528143777, 0.000245845738399022, 0]
rectification_matrix:
  rows: 3
  cols: 3
  data: [0.999775719219675, 0.00609408231858483, -0.0202823425539631, -0.00601073747388171, 0.999973250461529, 0.0041676607857162, 0.0203071980785648, -0.00404481422305583, 0.999785605609572]
projection_matrix:
  rows: 3
  cols: 4
  data: [487.550401650445, 0, 328.00439453125, 0, 0, 487.550401650445, 231.608516693115, 0, 0, 0, 1, 0]