image_width: 640
image_height: 480
camera_name: 00b09d0100a85719
camera_matrix:
  rows: 3
  cols: 3
  data: [609.17573329457, 0, 320.839774916438, 0, 609.359081220333, 234.154027482124, 0, 0, 1]
distortion_model: plumb_bob
distortion_coefficients:
  rows: 1
  cols: 5
  data: [-0.371567276013278, 0.190002773501505, 0.000468760261948175, -0.000357385602075675, 0]
rectification_matrix:
  rows: 3
  cols: 3
  data: [0.999991280115373, 0.00393136208066903, 0.00140857566640629, -0.0039301405299067, 0.999991899432138, -0.000868945061429697, -0.00141198039380821, 0.000863401584013034, 0.999998630423598]
projection_matrix:
  rows: 3
  cols: 4
  data: [577.661994341394, 0, 317.984619140625, -174.647029646029, 0, 577.661994341394, 233.389719009399, 0, 0, 0, 1, 0]