image_width: 640
image_height: 480
camera_name: 00b09d0100bb69f3
camera_matrix:
  rows: 3
  cols: 3
  data: [611.8722477833104, 0, 312.7980482810422, 0, 608.9327885632952, 230.2735791549949, 0, 0, 1]
distortion_model: plumb_bob
distortion_coefficients:
  rows: 1
  cols: 5
  data: [-0.3635892809279341, 0.1595086615901721, 0.0002681145017007756, -0.001347722905298802, 0]
rectification_matrix:
  rows: 3
  cols: 3
  data: [0.9965842320060256, 0.05161330988331566, 0.06446653984703002, -0.05159624138235747, 0.9986661605763045, -0.00193069805928736, -0.06448020155189794, -0.001402127908382267, 0.9979180014636247]
projection_matrix:
  rows: 3
  cols: 4
  data: [605.9486159297617, 0, 272.2687587738037, -63.70982854961506, 0, 605.9486159297617, 237.1679611206055, 0, 0, 0, 1, 0]