image_width: 640
image_height: 480
camera_name: 00b09d0100bb69fb
camera_matrix:
  rows: 3
  cols: 3
  data: [598.1529582529907, 0, 303.7044412127225, 0, 594.9469510392264, 220.8392812837413, 0, 0, 1]
distortion_model: plumb_bob
distortion_coefficients:
  rows: 1
  cols: 5
  data: [-0.3686717015478684, 0.1762576331898379, 0.002167293192078742, -0.0006562921973765801, 0]
rectification_matrix:
  rows: 3
  cols: 3
  data: [0.9805482831098049, -0.01699704927380003, 0.1955406985934075, 0.01772874343533475, 0.9998408488494478, -0.001992141616357892, -0.1954757175370329, 0.005420081918159981, 0.9806935640481091]
projection_matrix:
  rows: 3
  cols: 4
  data: [597.9050579255774, 0, 162.4698314666748, -61.59389876871663, 0, 597.9050579255774, 230.1436367034912, 0, 0, 0, 1, 0]