image_width: 752
image_height: 480
camera_name: 00b09d0100a85719
camera_matrix:
  rows: 3
  cols: 3
  data: [626.739629073496, 0, 383.81219729683, 0, 623.82488271911, 251.764339405771, 0, 0, 1]
distortion_model: plumb_bob
distortion_coefficients:
  rows: 1
  cols: 5
  data: [-0.357567305735228, 0.167756436726531, -4.39828249146902e-05, -0.00123212399141387, 0]
rectification_matrix:
  rows: 3
  cols: 3
  data: [0.997179705472052, 0.0553622257257009, 0.0506720727557831, -0.055422295408996, 0.998462979183352, -0.000219936133863779, -0.0506063648790229, -0.00258904673606824, 0.998715321135472]
projection_matrix:
  rows: 3
  cols: 4
  data: [623.369084920945, 0, 333.46166229248, 0, 0, 623.369084920945, 247.518653869629, 0, 0, 0, 1, 0]