image_width: 752
image_height: 480
camera_name: 00b09d0100bb69f3
camera_matrix:
  rows: 3
  cols: 3
  data: [620.303075639088, 0, 367.249987408352, 0, 616.929984951769, 235.998242006581, 0, 0, 1]
distortion_model: plumb_bob
distortion_coefficients:
  rows: 1
  cols: 5
  data: [-0.357032389534047, 0.151648960064674, -0.000536937138067023, -0.000649004075485227, 0]
rectification_matrix:
  rows: 3
  cols: 3
  data: [0.999793922860782, 0.00836508838692552, 0.0184969485842194, -0.00836596726560782, 0.999965004237542, -2.98651028808455e-05, -0.0184965510936259, -0.000124885918003351, 0.999828916365769]
projection_matrix:
  rows: 3
  cols: 4
  data: [604.150681673659, 0, 360.886043548584, -60.0571858025367, 0, 604.150681673659, 242.340562820435, 0, 0, 0, 1, 0]