image_width: 640
image_height: 480
camera_name: 00b09d0100bd09cf
camera_matrix:
  rows: 3
  cols: 3
  data: [616.5234728100535, 0, 303.4992891626243, 0, 616.5418934577007, 221.5794602474623, 0, 0, 1]
distortion_model: plumb_bob
distortion_coefficients:
  rows: 1
  cols: 5
  data: [-0.3789612658414097, 0.1627799032924448, 0.006474474418331721, 0.005763447991140335, 0]
rectification_matrix:
  rows: 3
  cols: 3
  data: [0.9989432367099359, 0.04044199161957334, -0.02183701319593643, -0.0403547898162185, 0.99917563973225, 0.004419491434339684, 0.02199774466544174, -0.003533593000295124, 0.9997517756674115]
projection_matrix:
  rows: 3
  cols: 4
  data: [596.9252050798229, 0, 313.905891418457, 0, 0, 596.9252050798229, 224.3612632751465, 0, 0, 0, 1, 0]