image_width: 640
image_height: 480
camera_name: 00b09d0100a85650
camera_matrix:
  rows: 3
  cols: 3
  data: [610.115917929189, 0, 306.748539358485, 0, 610.84982025954, 236.790003231301, 0, 0, 1]
distortion_model: plumb_bob
distortion_coefficients:
  rows: 1
  cols: 5
  data: [-0.377511881748777, 0.228389628616568, 0.00189283907507438, 0.00132434109225164, 0]
rectification_matrix:
  rows: 3
  cols: 3
  data: [0.999908807009519, 0.00978883991094652, -0.00930356265087439, -0.00990823368846541, 0.999868023672018, -0.0128748647910509, 0.0091763048105239, 0.0129658725665087, 0.999873832830229]
projection_matrix:
  rows: 3
  cols: 4
  data: [581.924937275838, 0, 314.198837280273, 0, 0, 581.924937275838, 248.584613800049, 0, 0, 0, 1, 0]