image_width: 752
image_height: 480
camera_name: 00b09d0100ca7fd5
camera_matrix:
  rows: 3
  cols: 3
  data: [603.332906261189, 0, 375.7247278666521, 0, 601.0938087885613, 222.2469829662395, 0, 0, 1]
distortion_model: plumb_bob
distortion_coefficients:
  rows: 1
  cols: 5
  data: [-0.3506264016594411, 0.1452037999593439, 0.001431494852613722, -0.001971363199643934, 0]
rectification_matrix:
  rows: 3
  cols: 3
  data: [0.9940128273703421, -0.00273939724381588, -0.1092290928551502, 0.003198864062353745, 0.9999867572772956, 0.004031443755005348, 0.1092166026386512, -0.004356715824995215, 0.9940084268935002]
projection_matrix:
  rows: 3
  cols: 4
  data: [592.0207957189166, 0, 446.3744583129883, -59.45763335785356, 0, 592.0207957189166, 227.431755065918, 0, 0, 0, 1, 0]