image_width: 752
image_height: 480
camera_name: 00b09d0100bb69fb
camera_matrix:
  rows: 3
  cols: 3
  data: [604.1551402499808, 0, 360.2173641499301, 0, 601.0173461184472, 234.9450530371615, 0, 0, 1]
distortion_model: plumb_bob
distortion_coefficients:
  rows: 1
  cols: 5
  data: [-0.3592459523989073, 0.1490521040039456, 0.0007087385366649706, -0.0004543438863413087, 0]
rectification_matrix:
  rows: 3
  cols: 3
  data: [0.9990120959773805, 0.009061627610790291, 0.04350539042376826, -0.008888022276628136, 0.9999517549269931, -0.004182209755262187, -0.04354118913042347, 0.003791401254181677, 0.9990444385139424]
projection_matrix:
  rows: 3
  cols: 4
  data: [579.936698312346, 0, 325.2312316894531, -57.63270336560606, 0, 579.936698312346, 243.2761516571045, 0, 0, 0, 1, 0]