image_width: 752
image_height: 480
camera_name: 00b09d0100ca7fd5
camera_matrix:
  rows: 3
  cols: 3
  data: [622.688138139824, 0, 373.589949659025, 0, 619.641179990535, 226.380917309241, 0, 0, 1]
distortion_model: plumb_bob
distortion_coefficients:
  rows: 1
  cols: 5
  data: [-0.349869261355358, 0.150266348625025, -0.000239555370844731, -0.000600344416550371, 0]
rectification_matrix:
  rows: 3
  cols: 3
  data: [0.999991672100759, -0.00210350770130832, -0.00349728244202136, 0.00211138771747609, 0.999995237465348, 0.00225101944222663, 0.00349253074936003, -0.00225838481515614, 0.999991350926093]
projection_matrix:
  rows: 3
  cols: 4
  data: [610.676855841758, 0, 360.820999145508, -60.5659569592694, 0, 610.676855841758, 232.771089553833, 0, 0, 0, 1, 0]