image_width: 640
image_height: 480
camera_name: 00b09d0100ca7fdb
camera_matrix:
  rows: 3
  cols: 3
  data: [619.7281910300658, 0, 308.7201658099226, 0, 619.7281910300658, 239.9315249140093, 0, 0, 1]
distortion_model: plumb_bob
distortion_coefficients:
  rows: 1
  cols: 5
  data: [-0.3743681113704043, 0.1673749813414286, 0.0004524620304245294, -0.005655463957243193, 0]
rectification_matrix:
  rows: 3
  cols: 3
  data: [0.9989692775412772, -0.008654784289304782, -0.04455869429824371, 0.008648363964980189, 0.9999625454602181, -0.0003368641421934953, 0.04455994085934098, -4.884287733889173e-05, 0.999006711331303]
projection_matrix:
  rows: 3
  cols: 4
  data: [617.506024617495, 0, 338.0251045227051, -61.23922477272811, 0, 617.506024617495, 228.6151256561279, 0, 0, 0, 1, 0]