image_width: 752
image_height: 480
camera_name: 00b09d0100ca7fdb
camera_matrix:
  rows: 3
  cols: 3
  data: [620.84707768545, 0, 350.734388970108, 0, 617.743578454669, 237.102793954167, 0, 0, 1]
distortion_model: plumb_bob
distortion_coefficients:
  rows: 1
  cols: 5
  data: [-0.35696647919203, 0.161302567325356, 0.000403191641563054, -0.00187227062258206, 0]
rectification_matrix:
  rows: 3
  cols: 3
  data: [0.999844179593814, -0.00118594349443916, 0.0176127814498808, 0.00122507978093921, 0.999996804404653, -0.00221141583896481, -0.0176101025523306, 0.00223264831769088, 0.999842437371802]
projection_matrix:
  rows: 3
  cols: 4
  data: [599.920957204892, 0, 344.65795135498, 0, 0, 599.920957204892, 232.851482391357, 0, 0, 0, 1, 0]