image_width: 752
image_height: 480
camera_name: 00b09d0100bb69fb
camera_matrix:
  rows: 3
  cols: 3
  data: [612.511345056727, 0, 361.899489177483, 0, 611.65252005764, 241.216679745496, 0, 0, 1]
distortion_model: plumb_bob
distortion_coefficients:
  rows: 1
  cols: 5
  data: [-0.358621621640948, 0.150381397958325, 0.000433794952945447, -0.000270697615838616, 0]
rectification_matrix:
  rows: 3
  cols: 3
  data: [0.999776744823067, -0.0152847221692053, -0.0145889608677927, 0.0152684954111515, 0.999882681773209, -0.00122300363665993, 0.0146059425875713, 0.000999979112703286, 0.999892827498479]
projection_matrix:
  rows: 3
  cols: 4
  data: [585.409117226266, 0, 375.742412567139, -58.3666561748759, 0, 585.409117226266, 245.878665924072, 0, 0, 0, 1, 0]