image_width: 640
image_height: 480
camera_name: 00b09d0100a85642
camera_matrix:
  rows: 3
  cols: 3
  data: [611.409178929715, 0, 307.257352720016, 0, 609.587170313178, 238.610254556609, 0, 0, 1]
distortion_model: plumb_bob
distortion_coefficients:
  rows: 1
  cols: 5
  data: [-0.367885998627997, 0.18700045325219, 0.000630692459964988, 0.00051818886144724, 0]
rectification_matrix:
  rows: 3
  cols: 3
  data: [0.999912453795019, 0.0119088989489291, -0.00576739728547934, -0.0118930825643906, 0.999925440958549, 0.00276895485115573, 0.00579994247738262, -0.0027001203075689, 0.99997953479938]
projection_matrix:
  rows: 3
  cols: 4
  data: [593.916976717273, 0, 319.635913848877, -29.8584503798625, 0, 593.916976717273, 230.508083343506, 0, 0, 0, 1, 0]