image_width: 752
image_height: 480
camera_name: 00b09d0100bd09ce
camera_matrix:
  rows: 3
  cols: 3
  data: [614.507655067595, 0, 365.202500715268, 0, 613.783205521219, 228.99955060488, 0, 0, 1]
distortion_model: plumb_bob
distortion_coefficients:
  rows: 1
  cols: 5
  data: [-0.363813626085453, 0.159538928739088, -0.00108101928565402, 0.000838187483467746, 0]
rectification_matrix:
  rows: 3
  cols: 3
  data: [0.998124623990681, 0.00269410655844049, -0.0611553495069191, -0.00279605503611126, 0.999994840413899, -0.00158152515503366, 0.0611507731733353, 0.00174955292367374, 0.998127006950954]
projection_matrix:
  rows: 3
  cols: 4
  data: [581.006127387989, 0, 400.292583465576, -57.6595452351792, 0, 581.006127387989, 226.767196655273, 0, 0, 0, 1, 0]