image_width: 752
image_height: 480
camera_name: 00b09d0100bb69f3
camera_matrix:
  rows: 3
  cols: 3
  data: [612.860609815388, 0, 362.907007451044, 0, 611.913006656424, 229.445457821092, 0, 0, 1]
distortion_model: plumb_bob
distortion_coefficients:
  rows: 1
  cols: 5
  data: [-0.370773682281662, 0.170087091944785, 0.000251630936927386, -7.73884254827438e-05, 0]
rectification_matrix:
  rows: 3
  cols: 3
  data: [0.998990333443525, -0.0251511664843927, 0.0372254282832296, 0.0250651758465406, 0.999681967694956, 0.00277496402187675, -0.0372833829765688, -0.00183910032762652, 0.99930304065574]
projection_matrix:
  rows: 3
  cols: 4
  data: [603.751669782112, 0, 344.715339660645, -54.5190847827837, 0, 603.751669782112, 236.589580535889, 0, 0, 0, 1, 0]