image_width: 640
image_height: 480
camera_name: 00b09d0100a85642
camera_matrix:
  rows: 3
  cols: 3
  data: [605.004207793536, 0, 306.938687100407, 0, 605.087598214748, 241.146987160439, 0, 0, 1]
distortion_model: plumb_bob
distortion_coefficients:
  rows: 1
  cols: 5
  data: [-0.368759508689952, 0.168624662912171, 0.000321537869951216, 5.9400966287176e-05, 0]
rectification_matrix:
  rows: 3
  cols: 3
  data: [0.999656605375548, 0.0105517167745992, 0.023986091848079, -0.0105905823772404, 0.999942802305164, 0.00149388185812207, -0.0239689568806556, -0.00174739554874755, 0.999711176147816]
projection_matrix:
  rows: 3
  cols: 4
  data: [592.626213019663, 0, 300.156631469727, -29.7284484129034, 0, 592.626213019663, 232.276756286621, 0, 0, 0, 1, 0]