image_width: 640
image_height: 480
camera_name: 00b09d0100bb69fb
camera_matrix:
  rows: 3
  cols: 3
  data: [613.047134291682, 0, 302.8419009986856, 0, 610.1325522063004, 232.2805553878981, 0, 0, 1]
distortion_model: plumb_bob
distortion_coefficients:
  rows: 1
  cols: 5
  data: [-0.3643334438254294, 0.1697439335923356, 0.001136407201206013, -0.0005442143512397027, 0]
rectification_matrix:
  rows: 3
  cols: 3
  data: [0.9961001654301572, 0.07602205434704529, 0.0447784287673002, -0.07597959754398929, 0.9971058461925844, -0.002651838159435406, -0.04485043129186941, -0.0007607505670840844, 0.9989934234375658]
projection_matrix:
  rows: 3
  cols: 4
  data: [625.0048893344137, 0, 272.3095607757568, -61.45020328055983, 0, 625.0048893344137, 243.8937740325928, 0, 0, 0, 1, 0]