image_width: 752
image_height: 480
camera_name: 00b09d0100bd09ce
camera_matrix:
  rows: 3
  cols: 3
  data: [604.9487829332753, 0, 370.6967809158329, 0, 602.2884058178558, 249.3511058686186, 0, 0, 1]
distortion_model: plumb_bob
distortion_coefficients:
  rows: 1
  cols: 5
  data: [-0.3589684270956542, 0.1504611403940989, 0.0006347008614302159, -0.0006475966982402118, 0]
rectification_matrix:
  rows: 3
  cols: 3
  data: [0.9985528162273219, 0.007453836984298693, 0.05326080659073415, -0.007666247497800071, 0.999963450805512, 0.00378493096831676, -0.05323064769272082, -0.004187764002895725, 0.998573462885365]
projection_matrix:
  rows: 3
  cols: 4
  data: [579.936698312346, 0, 325.2312316894531, 0, 0, 579.936698312346, 243.2761516571045, 0, 0, 0, 1, 0]