image_width: 640
image_height: 480
camera_name: 00b09d0100a85642
camera_matrix:
  rows: 3
  cols: 3
  data: [615.8218409917279, 0, 291.076997484129, 0, 615.8549765885326, 220.2242539999768, 0, 0, 1]
distortion_model: plumb_bob
distortion_coefficients:
  rows: 1
  cols: 5
  data: [-0.3782121098599357, 0.1744837064281625, 0.007131863324728654, 0.004701643827705016, 0]
rectification_matrix:
  rows: 3
  cols: 3
  data: [0.9985961577797069, 0.04723422438486376, -0.02397168568054941, -0.04732923356424244, 0.9988735188248773, -0.003411310690784011, 0.02378355141327938, 0.004541083259313073, 0.9997068176445552]
projection_matrix:
  rows: 3
  cols: 4
  data: [596.9252050798229, 0, 313.905891418457, -29.43078809638135, 0, 596.9252050798229, 224.3612632751465, 0, 0, 0, 1, 0]