image_width: 752
image_height: 480
camera_name: 00b09d0100ca7fd5
camera_matrix:
  rows: 3
  cols: 3
  data: [609.8223415569518, 0, 367.3778020640331, 0, 606.7043500349139, 225.3133234986604, 0, 0, 1]
distortion_model: plumb_bob
distortion_coefficients:
  rows: 1
  cols: 5
  data: [-0.3590483125504468, 0.1416890043470477, 0.0005524078511896994, 0.0003044318619650078, 0]
rectification_matrix:
  rows: 3
  cols: 3
  data: [0.999895265821279, -0.001074948114777533, -0.01443266693110914, 0.001076612905561385, 0.9999994146654597, 0.0001075796889830429, 0.01443254284058682, -0.0001231068171923962, 0.9998958378510564]
projection_matrix:
  rows: 3
  cols: 4
  data: [586.2862732278594, 0, 362.3030776977539, -58.33605298199664, 0, 586.2862732278594, 229.6925010681152, 0, 0, 0, 1, 0]