image_width: 640
image_height: 480
camera_name: 00b09d0100bd09cf
camera_matrix:
  rows: 3
  cols: 3
  data: [608.6170752326759, 0, 318.9735990018033, 0, 609.8031148627459, 254.1049187208728, 0, 0, 1]
distortion_model: plumb_bob
distortion_coefficients:
  rows: 1
  cols: 5
  data: [-0.3589040557708632, 0.1593159758531015, -0.00219256223820152, -0.002304207964427281, 0]
rectification_matrix:
  rows: 3
  cols: 3
  data: [0.9999624808844559, 0.00692405902741218, 0.005205211810189982, -0.00692779610962531, 0.9999757573428423, 0.0007002625738360682, -0.005200236962628722, -0.000736296946732044, 0.9999862076060543]
projection_matrix:
  rows: 3
  cols: 4
  data: [577.0542853453749, 0, 307.3185958862305, 0, 0, 577.0542853453749, 253.7962532043457, 0, 0, 0, 1, 0]