image_width: 640
image_height: 480
camera_name: 00b09d0100a85642
camera_matrix:
  rows: 3
  cols: 3
  data: [611.434895881539, 0, 303.4287804409, 0, 610.10409889239, 246.949906179527, 0, 0, 1]
distortion_model: plumb_bob
distortion_coefficients:
  rows: 1
  cols: 5
  data: [-0.37692511651889, 0.21790092526646, -0.000712125615217361, 0.000426514001299051, 0]
rectification_matrix:
  rows: 3
  cols: 3
  data: [0.999911234885231, 0.0132569979298606, 0.00133204961623475, -0.0132591102662166, 0.999910830508015, 0.00158966276956093, -0.00131085668200194, -0.0016071834557045, 0.999997849305737]
projection_matrix:
  rows: 3
  cols: 4
  data: [593.557270446439, 0, 312.777187347412, -30.163016211455, 0, 593.557270446439, 238.68159866333, 0, 0, 0, 1, 0]