image_width: 752
image_height: 480
camera_name: 00b09d0100ca7fdb
camera_matrix:
  rows: 3
  cols: 3
  data: [611.359005, 0.000000, 343.197709, 0.000000, 610.899035, 239.029701, 0.000000, 0.000000, 1.000000]
distortion_model: plumb_bob
distortion_coefficients:
  rows: 1
  cols: 5
  data: [-0.368585, 0.174294, -0.000724, -0.000260, 0.000000]
rectification_matrix:
  rows: 3
  cols: 3
  data: [0.998412, 0.025771, 0.050095, -0.025750, 0.999668, -0.001075, -0.050106, -0.000216, 0.998744]
projection_matrix:
  rows: 3
  cols: 4
  data: [602.681041, 0.000000, 313.541832, 0.000000, 0.000000, 602.681041, 231.321402, 0.000000, 0.000000, 0.000000, 1.000000, 0.000000]
