image_width: 640
image_height: 480
camera_name: 00b09d0100a85642
camera_matrix:
  rows: 3
  cols: 3
  data: [613.449927341614, 0, 318.960152362794, 0, 613.398433035858, 243.21636835202, 0, 0, 1]
distortion_model: plumb_bob
distortion_coefficients:
  rows: 1
  cols: 5
  data: [-0.367948025522261, 0.167048623386819, 0.000223727585161039, 0.00019090407604978, 0]
rectification_matrix:
  rows: 3
  cols: 3
  data: [0.999887034367087, 0.0146390779443859, 0.00340821089853986, -0.0146680682392152, 0.99985506821834, 0.00864235686764593, -0.00328120080465341, -0.00869137244836598, 0.999956845951986]
projection_matrix:
  rows: 3
  cols: 4
  data: [579.222911750021, 0, 321.426746368408, 0, 0, 579.222911750021, 238.489776611328, 87.6687812891359, 0, 0, 1, 0]