image_width: 752
image_height: 480
camera_name: 00b09d0100a85719
camera_matrix:
  rows: 3
  cols: 3
  data: [622.37951771449, 0, 384.356916901417, 0, 619.507738107414, 250.557281837362, 0, 0, 1]
distortion_model: plumb_bob
distortion_coefficients:
  rows: 1
  cols: 5
  data: [-0.351807411853474, 0.162763016959726, 0.000465957004853175, -0.00154485157138731, 0]
rectification_matrix:
  rows: 3
  cols: 3
  data: [0.998633454141944, 0.0391998299234926, 0.0345629512990212, -0.0392217748172084, 0.999230529217807, -4.3119477857903e-05, -0.0345380463940487, -0.00131255973975432, 0.999402521778994]
projection_matrix:
  rows: 3
  cols: 4
  data: [609.639930515908, 0, 349.22492980957, 0, 0, 609.639930515908, 246.113275527954, 0, 0, 0, 1, 0]