image_width: 640
image_height: 480
camera_name: 00b09d0100a85642
camera_matrix:
  rows: 3
  cols: 3
  data: [612.33208074125, 0, 305.674805670381, 0, 610.623493541965, 246.88317682442, 0, 0, 1]
distortion_model: plumb_bob
distortion_coefficients:
  rows: 1
  cols: 5
  data: [-0.37126617116034, 0.188282891308393, 0.000500910422138512, -5.3474892505286e-05, 0]
rectification_matrix:
  rows: 3
  cols: 3
  data: [0.999874074566435, 0.0155602147372658, 0.00311684572044187, -0.0155694321877447, 0.999874421918901, 0.00295519435822494, -0.00307047085413285, -0.00300334974217817, 0.999990776006989]
projection_matrix:
  rows: 3
  cols: 4
  data: [598.638322860428, 0, 312.692596435547, -3.07187882848371, 0, 598.638322860428, 237.59497833252, 0, 0, 0, 1, 0]