image_width: 640
image_height: 480
camera_name: 00b09d0100a85642
camera_matrix:
  rows: 3
  cols: 3
  data: [609.65473359878, 0, 320.825611462533, 0, 609.634820067695, 237.963772868294, 0, 0, 1]
distortion_model: plumb_bob
distortion_coefficients:
  rows: 1
  cols: 5
  data: [-0.366525095676872, 0.162192051131391, 0.000331443759522723, 0.000440981200763337, 0]
rectification_matrix:
  rows: 3
  cols: 3
  data: [0.999844843408828, 0.0150932097948857, 0.00908207723284609, -0.0148992644595835, 0.999667266498386, -0.0210563104604969, -0.009396862632773, 0.0209177271646087, 0.999737039257288]
projection_matrix:
  rows: 3
  cols: 4
  data: [581.924937275838, 0, 314.198837280273, 0, 0, 581.924937275838, 248.584613800049, 88.1184890076367, 0, 0, 1, 0]