image_width: 640
image_height: 480
camera_name: 00b09d0100bb69f3
camera_matrix:
  rows: 3
  cols: 3
  data: [613.4563314902686, 0, 300.8596304675789, 0, 610.3269749002734, 230.5981483581181, 0, 0, 1]
distortion_model: plumb_bob
distortion_coefficients:
  rows: 1
  cols: 5
  data: [-0.3680541365771752, 0.1899063807476438, 0.000217747310029025, 0.0009820244784361483, 0]
rectification_matrix:
  rows: 3
  cols: 3
  data: [0.9994755445831944, -0.001285480100881802, -0.03235712164326435, 0.001304457169613497, 0.9999989893650136, 0.0005653852173861306, 0.03235636215057887, -0.0006072971773619136, 0.999476211331975]
projection_matrix:
  rows: 3
  cols: 4
  data: [593.055166730872, 0, 331.8166847229004, -57.66083775862234, 0, 593.055166730872, 236.4308395385742, 0, 0, 0, 1, 0]