image_width: 752
image_height: 480
camera_name: 00b09d0100bb69f3
camera_matrix:
  rows: 3
  cols: 3
  data: [611.744121757536, 0, 364.407432064295, 0, 611.076541382526, 230.099706946571, 0, 0, 1]
distortion_model: plumb_bob
distortion_coefficients:
  rows: 1
  cols: 5
  data: [-0.369348055546966, 0.17467674804059, 3.81715017548806e-05, -0.000136750157161313, 0]
rectification_matrix:
  rows: 3
  cols: 3
  data: [0.925695405007725, -0.022722324087063, -0.377586696184686, 0.0239682727305303, 0.999711740023929, -0.00139955730215408, 0.377509654247278, -0.00775453714992543, 0.925973178933219]
projection_matrix:
  rows: 3
  cols: 4
  data: [660.459651844261, 0, 717.818035125732, -71.2192376569533, 0, 660.459651844261, 240.256950378418, 0, 0, 0, 1, 0]