image_width: 640
image_height: 480
camera_name: 00b09d0100a8566e
camera_matrix:
  rows: 3
  cols: 3
  data: [597.101243648892, 0, 323.118517645045, 0, 598.267469267415, 228.044936556971, 0, 0, 1]
distortion_model: plumb_bob
distortion_coefficients:
  rows: 1
  cols: 5
  data: [-0.367227189677448, 0.168070976178643, 0.000302399852016606, -0.000656419188501094, 0]
rectification_matrix:
  rows: 3
  cols: 3
  data: [0.99994538039196, 0.00577841674589114, -0.00870896852035743, -0.00581413161023137, 0.999974769498943, -0.00408120560056835, 0.00868516588193223, 0.00413161777588484, 0.999953747744443]
projection_matrix:
  rows: 3
  cols: 4
  data: [487.550401650445, 0, 328.00439453125, -146.791861253976, 0, 487.550401650445, 231.608516693115, 0, 0, 0, 1, 0]