image_width: 640
image_height: 480
camera_name: 00b09d0100bb69f3
camera_matrix:
  rows: 3
  cols: 3
  data: [610.406786935165, 0, 315.726634308836, 0, 610.549745622701, 233.33513740947, 0, 0, 1]
distortion_model: plumb_bob
distortion_coefficients:
  rows: 1
  cols: 5
  data: [-0.371349651284401, 0.172756427952848, 9.30553177605133e-05, 8.81090743694098e-05, 0]
rectification_matrix:
  rows: 3
  cols: 3
  data: [0.999989436596621, 0.00424906513138848, -0.00175275231614268, -0.00424754534281249, 0.999990600772133, 0.000869899965538655, 0.00175643210323564, -0.00086244588149688, 0.999998085564852]
projection_matrix:
  rows: 3
  cols: 4
  data: [577.661994341394, 0, 317.984619140625, 0, 0, 577.661994341394, 233.389719009399, 0, 0, 0, 1, 0]