image_width: 752
image_height: 480
camera_name: 00b09d0100ca7fdb
camera_matrix:
  rows: 3
  cols: 3
  data: [608.8406671957911, 0, 345.3794794472839, 0, 605.7774306946179, 234.9732126954988, 0, 0, 1]
distortion_model: plumb_bob
distortion_coefficients:
  rows: 1
  cols: 5
  data: [-0.356261080243901, 0.1343113592501591, 0.0006540029196955406, 0.0006810512595367421, 0]
rectification_matrix:
  rows: 3
  cols: 3
  data: [0.9999308602401564, 0.0005029553206391895, -0.01174826690734833, -0.0005043104595224887, 0.9999998665201898, -0.0001123857777524596, 0.01174820881416701, 0.0001183027813093888, 0.9999309804152037]
projection_matrix:
  rows: 3
  cols: 4
  data: [586.2862732278594, 0, 362.3030776977539, 0, 0, 586.2862732278594, 229.6925010681152, 0, 0, 0, 1, 0]