image_width: 752
image_height: 480
camera_name: 00b09d0100a85719
camera_matrix:
  rows: 3
  cols: 3
  data: [613.414025203568, 0, 383.287924841621, 0, 612.641096993571, 244.852040610752, 0, 0, 1]
distortion_model: plumb_bob
distortion_coefficients:
  rows: 1
  cols: 5
  data: [-0.364586104959321, 0.15847892954652, -0.000191557974757463, -0.000312582685721143, 0]
rectification_matrix:
  rows: 3
  cols: 3
  data: [0.99920067597501, -0.0193409019760076, 0.0349848344549102, 0.01942159811614, 0.999809445683573, -0.00196820947082977, -0.0349401009972517, 0.00264609762865646, 0.999385905198608]
projection_matrix:
  rows: 3
  cols: 4
  data: [603.751669782112, 0, 344.715339660645, 0, 0, 603.751669782112, 236.589580535889, 0, 0, 0, 1, 0]