image_width: 640
image_height: 480
camera_name: 00b09d0100bb69fb
camera_matrix:
  rows: 3
  cols: 3
  data: [613.18384634636, 0, 328.635854492806, 0, 613.132098831989, 221.682161941295, 0, 0, 1]
distortion_model: plumb_bob
distortion_coefficients:
  rows: 1
  cols: 5
  data: [-0.37517146483006, 0.189056299162555, 0.000447248185881259, 0.000152629531481983, 0]
rectification_matrix:
  rows: 3
  cols: 3
  data: [0.99954042739665, 0.00149545807486888, -0.030277014464268, -0.00158934345023064, 0.999994002853525, -0.00307705124776349, 0.0302722312874422, 0.00312375769394224, 0.999536809802795]
projection_matrix:
  rows: 3
  cols: 4
  data: [621.294010682482, 0, 340.031394958496, 0, 0, 621.294010682482, 239.120246887207, 0, 0, 0, 1, 0]
