image_width: 752
image_height: 480
camera_name: 00b09d0100bb69fb
camera_matrix:
  rows: 3
  cols: 3
  data: [633.314738744587, 0, 357.03418338527, 0, 630.46322977443, 243.144785193069, 0, 0, 1]
distortion_model: plumb_bob
distortion_coefficients:
  rows: 1
  cols: 5
  data: [-0.364734298959406, 0.175683849805704, 6.64698602829539e-05, 0.00165376779773862, 0]
rectification_matrix:
  rows: 3
  cols: 3
  data: [0.998898412372362, -0.0066302983015975, -0.0464542883317167, 0.00648872541246826, 0.999973835206678, -0.00319770926889033, 0.0464742746311981, 0.0028927575907068, 0.998915298586935]
projection_matrix:
  rows: 3
  cols: 4
  data: [600.343849432851, 0, 394.663555145264, -59.5840588044071, 0, 600.343849432851, 247.329860687256, 0, 0, 0, 1, 0]