image_width: 640
image_height: 480
camera_name: 00b09d0100bb69fb
camera_matrix:
  rows: 3
  cols: 3
  data: [616.7485961716447, 0, 299.4976688940134, 0, 616.7485961716447, 227.9133717608403, 0, 0, 1]
distortion_model: plumb_bob
distortion_coefficients:
  rows: 1
  cols: 5
  data: [-0.3668733647042562, 0.1681597152739654, 0.003744782681219404, 0.001038181339528148, 0]
rectification_matrix:
  rows: 3
  cols: 3
  data: [0.9991411760820114, -0.03551517345248804, 0.02134438361946627, 0.03544570926071117, 0.9993650320965191, 0.003624129927116001, -0.02145954222392421, -0.002864450621528008, 0.9997656140166936]
projection_matrix:
  rows: 3
  cols: 4
  data: [606.3683576078681, 0, 283.6607513427734, -61.03083628215, 0, 606.3683576078681, 234.5171356201172, 0, 0, 0, 1, 0]