image_width: 640
image_height: 480
camera_name: 00b09d0100a85719
camera_matrix:
  rows: 3
  cols: 3
  data: [614.8606629902372, 0, 322.0087910175063, 0, 611.8220970142273, 242.4166465512654, 0, 0, 1]
distortion_model: plumb_bob
distortion_coefficients:
  rows: 1
  cols: 5
  data: [-0.3740000189344577, 0.1983580692658703, -1.612590880858917e-05, 0.0006935853638472527, 0]
rectification_matrix:
  rows: 3
  cols: 3
  data: [0.9995513707147065, -0.01435523933399413, -0.02628658224294653, 0.01433982020861779, 0.9998968791498299, -0.0007749985903444834, 0.02629499683848547, 0.000397706040017885, 0.9996541476786707]
projection_matrix:
  rows: 3
  cols: 4
  data: [593.055166730872, 0, 331.8166847229004, 0, 0, 593.055166730872, 236.4308395385742, 0, 0, 0, 1, 0]