image_width: 640
image_height: 480
camera_name: 00b09d0100ca7fdb
camera_matrix:
  rows: 3
  cols: 3
  data: [608.3788043845939, 0, 302.901063580407, 0, 605.1393450501038, 239.0597218476379, 0, 0, 1]
distortion_model: plumb_bob
distortion_coefficients:
  rows: 1
  cols: 5
  data: [-0.3734958399885829, 0.1916152545947805, -0.0001215465986443146, -0.0008324259892023241, 0]
rectification_matrix:
  rows: 3
  cols: 3
  data: [0.9992771528963711, -0.03434794902456041, -0.01629079792793085, 0.03435683257505021, 0.9994095944471406, 0.000265673506333575, 0.01627205441032095, -0.0008251816819329001, 0.9998672608503887]
projection_matrix:
  rows: 3
  cols: 4
  data: [605.9868707624636, 0, 319.536319732666, 0, 0, 605.9868707624636, 226.4784164428711, 0, 0, 0, 1, 0]