image_width: 640
image_height: 480
camera_name: 00b09d0100bd09ce
camera_matrix:
  rows: 3
  cols: 3
  data: [612.3829815669034, 0, 308.9989148346434, 0, 609.3474143722208, 248.43817574984, 0, 0, 1]
distortion_model: plumb_bob
distortion_coefficients:
  rows: 1
  cols: 5
  data: [-0.3601057303071262, 0.1591733715667934, 0.00112800571584528, -0.0001902153639421307, 0]
rectification_matrix:
  rows: 3
  cols: 3
  data: [0.9964630458492829, 0.07313960368904225, 0.04137628099502984, -0.07317876683075938, 0.9973186772399364, -0.000569309681037612, -0.04130697691551851, -0.002460569160461079, 0.9991434728093394]
projection_matrix:
  rows: 3
  cols: 4
  data: [625.0048893344137, 0, 272.3095607757568, 0, 0, 625.0048893344137, 243.8937740325928, 0, 0, 0, 1, 0]