image_width: 752
image_height: 480
camera_name: 00b09d0100bb69f3
camera_matrix:
  rows: 3
  cols: 3
  data: [626.02156516974, 0, 362.374342793331, 0, 623.386495568224, 239.211776566623, 0, 0, 1]
distortion_model: plumb_bob
distortion_coefficients:
  rows: 1
  cols: 5
  data: [-0.353825106091597, 0.159314948580734, 0.000270062385291061, -0.000803935907121663, 0]
rectification_matrix:
  rows: 3
  cols: 3
  data: [0.997127039598149, 0.0594026193920278, 0.0469999543786704, -0.0593468241974042, 0.99823408231263, -0.00258289898070473, -0.0470703872930063, -0.000213819615585828, 0.998891552132291]
projection_matrix:
  rows: 3
  cols: 4
  data: [623.369084920945, 0, 333.46166229248, -60.2805151525518, 0, 623.369084920945, 247.518653869629, 0, 0, 0, 1, 0]