image_width: 640
image_height: 480
camera_name: 00b09d0100bd09ce
camera_matrix:
  rows: 3
  cols: 3
  data: [616.3786060224309, 0, 306.7739573488786, 0, 616.3786060224309, 239.0844066138597, 0, 0, 1]
distortion_model: plumb_bob
distortion_coefficients:
  rows: 1
  cols: 5
  data: [-0.3683269032126824, 0.1705533698036781, 0.00353144106486441, 0.001019951066118617, 0]
rectification_matrix:
  rows: 3
  cols: 3
  data: [0.9989324068946379, -0.03741296900426946, 0.02709826942760703, 0.03750072893290288, 0.9992928507371599, -0.002737479698798257, -0.0269766896632361, 0.003750762040701211, 0.9996290261886793]
projection_matrix:
  rows: 3
  cols: 4
  data: [606.3683576078681, 0, 283.6607513427734, 0, 0, 606.3683576078681, 234.5171356201172, 0, 0, 0, 1, 0]