image_width: 640
image_height: 480
camera_name: 00b09d0100bb69f3
camera_matrix:
  rows: 3
  cols: 3
  data: [615.377271269358, 0, 311.142224582804, 0, 615.319421524419, 231.638793117713, 0, 0, 1]
distortion_model: plumb_bob
distortion_coefficients:
  rows: 1
  cols: 5
  data: [-0.375763912240642, 0.189079699664742, -0.000463955245074041, 4.86613872294032e-05, 0]
rectification_matrix:
  rows: 3
  cols: 3
  data: [0.999976285545699, 0.00401480155144293, 0.00559550844235874, -0.00401761378778629, 0.99999180860033, 0.000491438391567011, -0.00559348957969583, -0.000513907329241424, 0.999984224262352]
projection_matrix:
  rows: 3
  cols: 4
  data: [589.102839597491, 0, 310.608417510986, 0, 0, 589.102839597491, 234.226615905762, 0, 0, 0, 1, 0]