image_width: 480
image_height: 640
camera_name: 00b09d0100a85650
camera_matrix:
  rows: 3
  cols: 3
  data: [719.413331120791, 0, 220.466086343237, 0, 719.602916502596, 343.837180751558, 0, 0, 1]
distortion_model: plumb_bob
distortion_coefficients:
  rows: 1
  cols: 5
  data: [-0.390573764102204, 0.280822853117661, -0.000648414783818955, 0.00106286109272727, 0]
rectification_matrix:
  rows: 3
  cols: 3
  data: [0.999853223190923, -0.00888430513746871, 0.0146492729152841, 0.0089477384406929, 0.999950850091654, -0.00427029012787008, -0.0146106143443415, 0.00440074121070358, 0.999883574935241]
projection_matrix:
  rows: 3
  cols: 4
  data: [697.475910104616, 0, 208.585893630981, 0, 0, 697.475910104616, 338.873062133789, 0, 0, 0, 1, 0]