image_width: 640
image_height: 480
camera_name: 00b09d0100ca7fd5
camera_matrix:
  rows: 3
  cols: 3
  data: [612.8404698081198, 0, 313.1184848278376, 0, 612.8404698081198, 214.455968574333, 0, 0, 1]
distortion_model: plumb_bob
distortion_coefficients:
  rows: 1
  cols: 5
  data: [-0.3612309292851609, 0.163105944151389, 0.00329628949079539, -0.00162261956097203, 0]
rectification_matrix:
  rows: 3
  cols: 3
  data: [0.9953448943903189, -0.09635485070644795, 0.002069772079969587, 0.09635906694026423, 0.9953445392769683, -0.002044101250306032, -0.001863177266543545, 0.002234027049513877, 0.9999957688378563]
projection_matrix:
  rows: 3
  cols: 4
  data: [635.7541814283115, 0, 305.8027458190918, 0, 0, 635.7541814283115, 224.3457946777344, 0, 0, 0, 1, 0]