image_width: 640
image_height: 480
camera_name: 00b09d0100a85650
camera_matrix:
  rows: 3
  cols: 3
  data: [613.869404354143, 0, 329.024286718166, 0, 611.910314573392, 227.747526775483, 0, 0, 1]
distortion_model: plumb_bob
distortion_coefficients:
  rows: 1
  cols: 5
  data: [-0.372962665286117, 0.178776217260379, 0.000766386868985193, 0.000138225098412545, 0]
rectification_matrix:
  rows: 3
  cols: 3
  data: [0.99989481898838, 0.0109592160228298, 0.0094998181224808, -0.0109308632018264, 0.999935661450558, -0.00303136752930897, -0.0095324283295611, 0.00292720747466661, 0.999950280897276]
projection_matrix:
  rows: 3
  cols: 4
  data: [598.638322860428, 0, 312.692596435547, 0, 0, 598.638322860428, 237.59497833252, 0, 0, 0, 1, 0]