image_width: 752
image_height: 480
camera_name: 00b09d0100bb69fb
camera_matrix:
  rows: 3
  cols: 3
  data: [611.100005355609, 0, 367.004729366164, 0, 607.976078163002, 243.091852532535, 0, 0, 1]
distortion_model: plumb_bob
distortion_coefficients:
  rows: 1
  cols: 5
  data: [-0.34952931701428, 0.144105829251896, 0.00115738416331783, -0.00130959186590869, 0]
rectification_matrix:
  rows: 3
  cols: 3
  data: [0.999905941163414, 0.00215472914673059, 0.0135449609970765, -0.00212163608698177, 0.999994730656827, -0.00245709562180857, -0.0135501839995814, 0.00242812703220484, 0.999905243866984]
projection_matrix:
  rows: 3
  cols: 4
  data: [579.031111281414, 0, 355.046241760254, -57.6259348605563, 0, 579.031111281414, 248.105127334595, 0, 0, 0, 1, 0]