image_width: 752
image_height: 480
camera_name: 00b09d0100ca7fd5
camera_matrix:
  rows: 3
  cols: 3
  data: [614.673190504088, 0, 369.037059138886, 0, 613.619253974702, 217.15242761839, 0, 0, 1]
distortion_model: plumb_bob
distortion_coefficients:
  rows: 1
  cols: 5
  data: [-0.360511554340425, 0.146293245504554, 0.000788357185865833, -0.000144109468955891, 0]
rectification_matrix:
  rows: 3
  cols: 3
  data: [0.998491255496419, -0.00335944506404826, 0.0548080908812441, 0.00334319054551583, 0.999994336151503, 0.000388254930291735, -0.0548090847776301, -0.000204435261547708, 0.998496831458199]
projection_matrix:
  rows: 3
  cols: 4
  data: [600.807261736165, 0, 309.320129394531, -60.0752909550205, 0, 600.807261736165, 223.532663345337, 0, 0, 0, 1, 0]