image_width: 640
image_height: 480
camera_name: 00b09d0100ca7fd5
camera_matrix:
  rows: 3
  cols: 3
  data: [609.8044854302753, 0, 307.3067253543672, 0, 607.0154218784481, 210.0653866152031, 0, 0, 1]
distortion_model: plumb_bob
distortion_coefficients:
  rows: 1
  cols: 5
  data: [-0.3679683524061605, 0.171580456627007, 0.001682595574116417, -0.000176562639765009, 0]
rectification_matrix:
  rows: 3
  cols: 3
  data: [0.9961943159805654, 0.06242675858307217, -0.06082585487129823, -0.06230308074467409, 0.9980495399427396, 0.003929624639634954, 0.06095253019962366, -0.0001250315825311937, 0.9981406581386049]
projection_matrix:
  rows: 3
  cols: 4
  data: [619.3539424003571, 0, 338.7517929077148, 0, 0, 619.3539424003571, 220.7411575317383, 0, 0, 0, 1, 0]