image_width: 752
image_height: 480
camera_name: 00b09d0100ca7fd5
camera_matrix:
  rows: 3
  cols: 3
  data: [618.112640833847, 0, 369.980500561358, 0, 616.765834826707, 227.441650255766, 0, 0, 1]
distortion_model: plumb_bob
distortion_coefficients:
  rows: 1
  cols: 5
  data: [-0.353016415355648, 0.149753882072955, -0.000126316796950549, -0.000373429336339728, 0]
rectification_matrix:
  rows: 3
  cols: 3
  data: [0.980791260906125, 0.015765870768583, -0.194422066260704, -0.0164822426344852, 0.999862021291576, -0.00206737912866978, 0.19436264612294, 0.00523217905198592, 0.980915789502063]
projection_matrix:
  rows: 3
  cols: 4
  data: [605.696823509665, 0, 509.255182266235, -62.8993339272697, 0, 605.696823509665, 234.507879257202, 0, 0, 0, 1, 0]