image_width: 640
image_height: 480
camera_name: 00b09d0100a85650
camera_matrix:
  rows: 3
  cols: 3
  data: [606.75506918079, 0, 329.469513686548, 0, 606.776587170776, 224.164612590313, 0, 0, 1]
distortion_model: plumb_bob
distortion_coefficients:
  rows: 1
  cols: 5
  data: [-0.375539602688071, 0.183460797168503, 7.63845226489523e-05, 0.00034752265410455, 0]
rectification_matrix:
  rows: 3
  cols: 3
  data: [0.99963564068396, 0.0062988064305156, 0.026247112449174, -0.00625625354170119, 0.999978979244142, -0.00170304476312298, -0.0262572878643367, 0.00153821565267834, 0.99965403451725]
projection_matrix:
  rows: 3
  cols: 4
  data: [592.626213019663, 0, 300.156631469727, 0, 0, 592.626213019663, 232.276756286621, 0, 0, 0, 1, 0]