image_width: 640
image_height: 480
camera_name: 00b09d0100a85650
camera_matrix:
  rows: 3
  cols: 3
  data: [604.074275467124, 0, 314.991130538541, 0, 602.29886495817, 240.190065639421, 0, 0, 1]
distortion_model: plumb_bob
distortion_coefficients:
  rows: 1
  cols: 5
  data: [-0.358130007002212, 0.152315533779602, -8.96425886163789e-05, -0.000788925190261931, 0]
rectification_matrix:
  rows: 3
  cols: 3
  data: [0.999936644976875, 0.0102563645998837, -0.00463821275777191, -0.0101623520296749, 0.99975116797412, 0.0198577122450509, 0.00484072655879974, -0.0198093190083993, 0.999792057503362]
projection_matrix:
  rows: 3
  cols: 4
  data: [577.011780781769, 0, 315.472763061523, 0, 0, 577.011780781769, 231.25994682312, 0, 0, 0, 1, 0]