image_width: 640
image_height: 480
camera_name: 00b09d0100a85642
camera_matrix:
  rows: 3
  cols: 3
  data: [607.32848091043, 0, 318.672723655513, 0, 605.00739776403, 247.159274745063, 0, 0, 1]
distortion_model: plumb_bob
distortion_coefficients:
  rows: 1
  cols: 5
  data: [-0.363137589477581, 0.173981100146903, -0.00115088457332657, -0.000680255269883422, 0]
rectification_matrix:
  rows: 3
  cols: 3
  data: [0.999870347737761, 0.0153407868198926, 0.00489366677606907, -0.0154358195349678, 0.999680578517389, 0.0200119067163109, -0.00458510523897755, -0.020084849884553, 0.999787765285744]
projection_matrix:
  rows: 3
  cols: 4
  data: [577.011780781769, 0, 315.472763061523, 0, 0, 577.011780781769, 231.25994682312, 87.3424658761971, 0, 0, 1, 0]