image_width: 752
image_height: 480
camera_name: 00b09d0100ca7fdb
camera_matrix:
  rows: 3
  cols: 3
  data: [617.834322444517, 0, 350.390220586398, 0, 616.69168636108, 231.004742692832, 0, 0, 1]
distortion_model: plumb_bob
distortion_coefficients:
  rows: 1
  cols: 5
  data: [-0.364581303827557, 0.144381665318658, 0.00183680980930246, -0.000486460858131111, 0]
rectification_matrix:
  rows: 3
  cols: 3
  data: [0.998121173353681, -0.00150582976149805, 0.0612523940740346, 0.00152399692763764, 0.999998807496423, -0.000249878164630074, -0.0612519447563585, 0.000342757147255326, 0.998122277970541]
projection_matrix:
  rows: 3
  cols: 4
  data: [600.807261736165, 0, 309.320129394531, 0, 0, 600.807261736165, 223.532663345337, 0, 0, 0, 1, 0]