image_width: 640
image_height: 480
camera_name: 00b09d0100a85642
camera_matrix:
  rows: 3
  cols: 3
  data: [613.047016859446, 0, 306.155934046204, 0, 611.886165539744, 250.625081371487, 0, 0, 1]
distortion_model: plumb_bob
distortion_coefficients:
  rows: 1
  cols: 5
  data: [-0.391149185594785, 0.22822295361394, -0.000532695148091476, -5.88028115807104e-05, 0]
rectification_matrix:
  rows: 3
  cols: 3
  data: [0.999125897737494, 0.0291428602374881, 0.0299688866563981, -0.0292176381210602, 0.999570950522599, 0.00206021697262736, -0.0298959879059477, -0.00293403621752803, 0.999548708837444]
projection_matrix:
  rows: 3
  cols: 4
  data: [603.515924740872, 0, 294.188552856445, -106.254741143917, 0, 603.515924740872, 240.467700958252, 0, 0, 0, 1, 0]