image_width: 752
image_height: 480
camera_name: 00b09d0100ca7fdb
camera_matrix:
  rows: 3
  cols: 3
  data: [622.978159626861, 0, 354.299692479258, 0, 620.20053581577, 240.407629082475, 0, 0, 1]
distortion_model: plumb_bob
distortion_coefficients:
  rows: 1
  cols: 5
  data: [-0.349495253051312, 0.153365725665628, -3.85630263027752e-06, -0.00157795485295764, 0]
rectification_matrix:
  rows: 3
  cols: 3
  data: [0.999997018076952, -0.000896980087625072, 0.00227140131349637, 0.000902099155485676, 0.999997053558458, -0.00225368398765449, -0.00226937311128445, 0.00225572629654895, 0.999994880809175]
projection_matrix:
  rows: 3
  cols: 4
  data: [610.676855841758, 0, 360.820999145508, 0, 0, 610.676855841758, 232.771089553833, 0, 0, 0, 1, 0]