image_width: 752
image_height: 480
camera_name: 00b09d0100a85719
camera_matrix:
  rows: 3
  cols: 3
  data: [609.1501245859798, 0, 388.6545968346804, 0, 605.8148877163736, 231.6891572847923, 0, 0, 1]
distortion_model: plumb_bob
distortion_coefficients:
  rows: 1
  cols: 5
  data: [-0.3633059869841692, 0.16701146978489, 0.001404457145913425, -0.002483967339174486, 0]
rectification_matrix:
  rows: 3
  cols: 3
  data: [0.9994682071199318, 0.00255761103088833, -0.03250786954390662, -0.002709920742912146, 0.9999855534052665, -0.004642123472084212, 0.03249552716969073, 0.004727748573858274, 0.9994606991309795]
projection_matrix:
  rows: 3
  cols: 4
  data: [592.6864570934008, 0, 406.2809028625488, 0, 0, 592.6864570934008, 229.1067810058594, 0, 0, 0, 1, 0]