image_width: 752
image_height: 480
camera_name: 00b09d0100bb69f3
camera_matrix:
  rows: 3
  cols: 3
  data: [622.768752894352, 0, 364.265223354469, 0, 620.07322045641, 238.793670713567, 0, 0, 1]
distortion_model: plumb_bob
distortion_coefficients:
  rows: 1
  cols: 5
  data: [-0.35515076699257, 0.172265138542336, 0.000584080124572889, -0.00128817562788881, 0]
rectification_matrix:
  rows: 3
  cols: 3
  data: [0.998770054988197, 0.0423019068996643, 0.0258636024468122, -0.0422854715553546, 0.99910486990656, -0.00118229621368426, -0.0258904645422964, 8.7187428770084e-05, 0.999664781936493]
projection_matrix:
  rows: 3
  cols: 4
  data: [609.639930515908, 0, 349.22492980957, -64.882265317633, 0, 609.639930515908, 246.113275527954, 0, 0, 0, 1, 0]