image_width: 752
image_height: 480
camera_name: 00b09d0100a85719
camera_matrix:
  rows: 3
  cols: 3
  data: [608.0072662918151, 0, 387.710878402988, 0, 605.3661760528139, 236.3403749258728, 0, 0, 1]
distortion_model: plumb_bob
distortion_coefficients:
  rows: 1
  cols: 5
  data: [-0.366307379545995, 0.1613955133158169, 0.001254707076097737, -0.001331047269038199, 0]
rectification_matrix:
  rows: 3
  cols: 3
  data: [0.9999485763998276, 0.004740113725257331, 0.008965259495949278, -0.004736903550984425, 0.9999887088862804, -0.0003792686364071117, -0.008966956044653779, 0.0003367815635065283, 0.999959739328275]
projection_matrix:
  rows: 3
  cols: 4
  data: [586.6599502047695, 0, 370.5538291931152, 0, 0, 586.6599502047695, 231.6135406494141, 0, 0, 0, 1, 0]