image_width: 752
image_height: 480
camera_name: 00b09d0100bd09ce
camera_matrix:
  rows: 3
  cols: 3
  data: [607.4975801171639, 0, 371.150485024071, 0, 604.4344559230269, 244.810391207397, 0, 0, 1]
distortion_model: plumb_bob
distortion_coefficients:
  rows: 1
  cols: 5
  data: [-0.3699216119084705, 0.1661052091086479, 0.0003760446764219828, -0.0004218649784103345, 0]
rectification_matrix:
  rows: 3
  cols: 3
  data: [0.9999915451528888, -0.002400633108917913, -0.00333864993886687, 0.002404417280725681, 0.9999964710543494, 0.001129892201965169, 0.003335925700323152, -0.001137910156506663, 0.9999937883608067]
projection_matrix:
  rows: 3
  cols: 4
  data: [574.1496797789642, 0, 370.6151466369629, 0, 0, 574.1496797789642, 242.1170215606689, 0, 0, 0, 1, 0]