image_width: 640
image_height: 480
camera_name: 00b09d0100a85650
camera_matrix:
  rows: 3
  cols: 3
  data: [614.858485937475, 0, 329.866945588952, 0, 613.034063005696, 231.459010105756, 0, 0, 1]
distortion_model: plumb_bob
distortion_coefficients:
  rows: 1
  cols: 5
  data: [-0.374307729419079, 0.189026108848291, -0.000514490573372935, 0.000769290812836672, 0]
rectification_matrix:
  rows: 3
  cols: 3
  data: [0.999550720555425, 0.0137740843196767, 0.0266201359554128, -0.0136890335910937, 0.999900606333008, -0.00337458356306315, -0.0266639718810258, 0.00300866349674116, 0.999639925446904]
projection_matrix:
  rows: 3
  cols: 4
  data: [599.900027397054, 0, 302.646686553955, 0, 0, 599.900027397054, 241.649713516235, 0, 0, 0, 1, 0]