image_width: 752
image_height: 480
camera_name: 00b09d0100bb69f3
camera_matrix:
  rows: 3
  cols: 3
  data: [619.401919729722, 0, 372.461110966342, 0, 619.745362416329, 236.83754077651, 0, 0, 1]
distortion_model: plumb_bob
distortion_coefficients:
  rows: 1
  cols: 5
  data: [-0.365001717619179, 0.154701753294741, -0.000597379641524183, 0.000374382699435944, 0]
rectification_matrix:
  rows: 3
  cols: 3
  data: [0.999805449896385, 0.00379141307714149, 0.0193568474800624, -0.0038153241622323, 0.999992003420766, 0.00119849741745116, -0.0193521486927164, -0.00127211689754975, 0.999811920342808]
projection_matrix:
  rows: 3
  cols: 4
  data: [585.846326641438, 0, 358.949993133545, 0, 0, 585.846326641438, 236.126308441162, 0, 0, 0, 1, 0]