image_width: 752
image_height: 480
camera_name: 00b09d0100bb69f3
camera_matrix:
  rows: 3
  cols: 3
  data: [610.6469997932965, 0, 371.7069002175925, 0, 606.8645923634333, 225.0197480713986, 0, 0, 1]
distortion_model: plumb_bob
distortion_coefficients:
  rows: 1
  cols: 5
  data: [-0.3719958893657524, 0.2001257345160262, 0.000987622674966728, -0.001310253801929036, 0]
rectification_matrix:
  rows: 3
  cols: 3
  data: [0.9991459580898423, 0.003729191942649136, -0.0411515195367781, -0.003536291934217219, 0.9999824214460522, 0.0047593527129301, 0.04116854469236117, -0.004609764239629348, 0.9991415820601043]
projection_matrix:
  rows: 3
  cols: 4
  data: [592.6864570934008, 0, 406.2809028625488, -58.93874007140254, 0, 592.6864570934008, 229.1067810058594, 0, 0, 0, 1, 0]