image_width: 1908
image_height: 1364
camera_name: /cameras/navigation/beacon/basler_camera
camera_matrix:
  rows: 3
  cols: 3
  data: [2429.337390218554, 0, 947.7177294812623, 0, 2417.120184770937, 703.6807215153113, 0, 0, 1]
distortion_model: plumb_bob
distortion_coefficients:
  rows: 1
  cols: 5
  data: [-0.1588371901221132, 0.1896395256891366, -0.0008570040352026021, -0.0002145684082291962, 0]
rectification_matrix:
  rows: 3
  cols: 3
  data: [1, 0, 0, 0, 1, 0, 0, 0, 1]
projection_matrix:
  rows: 3
  cols: 4
  data: [2377.965576171875, 0, 946.7529699388178, 0, 0, 2387.16650390625, 703.1146417932323, 0, 0, 0, 1, 0]