%YAML:1.0
pyramid_levels: 2
T: [ 5, 8 ]
modalities:
   -
      type: ColorGradient
      weak_threshold: 70.
      num_features: 63
      strong_threshold: 110.
classes:
   -
      class_id: orange_pipe
      modalities: [ ColorGradient ]
      pyramid_levels: 2
      template_pyramids:
         -
            template_id: 0
            templates:
               -
                  width: 264
                  height: 230
                  pyramid_level: 0
                  features:
                     - [ 262, 208, 6 ]
                     - [ 14, 28, 3 ]
                     - [ 36, 38, 6 ]
                     - [ 254, 220, 2 ]
                     - [ 246, 196, 6 ]
                     - [ 212, 170, 6 ]
                     - [ 52, 50, 6 ]
                     - [ 2, 40, 2 ]
                     - [ 68, 62, 6 ]
                     - [ 140, 116, 6 ]
                     - [ 102, 88, 6 ]
                     - [ 190, 154, 6 ]
                     - [ 126, 106, 6 ]
                     - [ 226, 182, 6 ]
                     - [ 86, 76, 6 ]
                     - [ 158, 130, 6 ]
                     - [ 174, 142, 6 ]
                     - [ 114, 98, 6 ]
                     - [ 264, 0, 6 ]
                     - [ 86, 93, 6 ]
                     - [ 113, 115, 6 ]
                     - [ 16, 56, 5 ]
                     - [ 80, 106, 5 ]
                     - [ 202, 183, 6 ]
                     - [ 32, 72, 6 ]
                     - [ 178, 164, 6 ]
                     - [ 172, 182, 6 ]
                     - [ 48, 84, 6 ]
                     - [ 144, 158, 6 ]
                     - [ 244, 230, 2 ]
                     - [ 102, 126, 6 ]
                     - [ 128, 146, 6 ]
                     - [ 64, 96, 6 ]
                     - [ 217, 216, 5 ]
                     - [ 160, 172, 6 ]
                     - [ 115, 136, 6 ]
                     - [ 90, 116, 6 ]
                     - [ 194, 198, 6 ]
                     - [ 231, 224, 6 ]
                     - [ 200, 163, 6 ]
                     - [ 205, 206, 6 ]
                     - [ 184, 189, 6 ]
                     - [ 235, 190, 6 ]
                     - [ 26, 32, 6 ]
                     - [ 76, 70, 6 ]
                     - [ 148, 124, 6 ]
                     - [ 24, 64, 6 ]
                     - [ 60, 56, 6 ]
                     - [ 254, 202, 6 ]
                     - [ 44, 44, 6 ]
                     - [ 182, 148, 6 ]
                     - [ 94, 82, 6 ]
                     - [ 166, 136, 6 ]
                     - [ 56, 90, 6 ]
                     - [ 5, 50, 6 ]
                     - [ 152, 165, 6 ]
                     - [ 219, 176, 5 ]
                     - [ 137, 152, 6 ]
                     - [ 41, 78, 6 ]
                     - [ 72, 101, 6 ]
                     - [ 133, 112, 6 ]
                     - [ 10, 36, 4 ]
                     - [ 260, 216, 3 ]
               -
                  width: 132
                  height: 115
                  pyramid_level: 1
                  features:
                     - [ 11, 14, 5 ]
                     - [ 123, 98, 6 ]
                     - [ 106, 85, 6 ]
                     - [ 26, 25, 6 ]
                     - [ 70, 58, 6 ]
                     - [ 43, 38, 6 ]
                     - [ 87, 71, 6 ]
                     - [ 124, 114, 2 ]
                     - [ 56, 48, 6 ]
                     - [ 12, 33, 6 ]
                     - [ 132, 0, 6 ]
                     - [ 86, 91, 6 ]
                     - [ 73, 80, 6 ]
                     - [ 28, 45, 6 ]
                     - [ 55, 66, 6 ]
                     - [ 100, 101, 6 ]
                     - [ 43, 56, 6 ]
                     - [ 0, 22, 1 ]
                     - [ 111, 110, 6 ]
                     - [ 96, 78, 6 ]
                     - [ 64, 73, 6 ]
                     - [ 34, 31, 6 ]
                     - [ 115, 92, 6 ]
                     - [ 79, 65, 6 ]
                     - [ 18, 20, 6 ]
                     - [ 130, 104, 6 ]
                     - [ 36, 50, 6 ]
                     - [ 56, 57, 6 ]
                     - [ 21, 39, 6 ]
                     - [ 63, 53, 6 ]
                     - [ 49, 44, 6 ]
         -
            template_id: 1
            templates:
               -
                  width: 250
                  height: 252
                  pyramid_level: 0
                  features:
                     - [ 228, 242, 2 ]
                     - [ 10, 70, 2 ]
                     - [ 218, 220, 6 ]
                     - [ 30, 76, 6 ]
                     - [ 184, 194, 6 ]
                     - [ 46, 88, 6 ]
                     - [ 72, 108, 6 ]
                     - [ 98, 128, 6 ]
                     - [ 116, 142, 6 ]
                     - [ 0, 82, 1 ]
                     - [ 202, 208, 6 ]
                     - [ 160, 176, 6 ]
                     - [ 142, 162, 6 ]
                     - [ 188, 5, 4 ]
                     - [ 58, 98, 6 ]
                     - [ 84, 118, 6 ]
                     - [ 107, 0, 5 ]
                     - [ 172, 186, 6 ]
                     - [ 128, 152, 6 ]
                     - [ 202, 4, 3 ]
                     - [ 130, 0, 4 ]
                     - [ 12, 92, 6 ]
                     - [ 72, 140, 5 ]
                     - [ 218, 8, 6 ]
                     - [ 102, 148, 6 ]
                     - [ 218, 252, 2 ]
                     - [ 130, 188, 6 ]
                     - [ 250, 40, 4 ]
                     - [ 174, 224, 6 ]
                     - [ 26, 106, 6 ]
                     - [ 52, 126, 6 ]
                     - [ 96, 162, 6 ]
                     - [ 154, 208, 6 ]
                     - [ 190, 236, 6 ]
                     - [ 116, 177, 6 ]
                     - [ 40, 116, 6 ]
                     - [ 85, 152, 6 ]
                     - [ 143, 199, 6 ]
                     - [ 205, 246, 6 ]
                     - [ 228, 229, 6 ]
                     - [ 176, 0, 5 ]
                     - [ 164, 216, 6 ]
                     - [ 107, 168, 6 ]
                     - [ 62, 133, 6 ]
                     - [ 106, 136, 6 ]
                     - [ 192, 202, 6 ]
                     - [ 150, 170, 6 ]
                     - [ 22, 70, 6 ]
                     - [ 38, 82, 6 ]
                     - [ 210, 214, 6 ]
                     - [ 19, 100, 6 ]
                     - [ 183, 228, 6 ]
                     - [ 234, 236, 1 ]
                     - [ 91, 124, 6 ]
                     - [ 65, 104, 6 ]
                     - [ 135, 158, 6 ]
                     - [ 216, 0, 7 ]
                     - [ 136, 194, 6 ]
                     - [ 123, 182, 6 ]
                     - [ 33, 111, 6 ]
                     - [ 78, 146, 6 ]
                     - [ 198, 242, 6 ]
                     - [ 4, 76, 2 ]
               -
                  width: 125
                  height: 126
                  pyramid_level: 1
                  features:
                     - [ 7, 34, 3 ]
                     - [ 109, 110, 6 ]
                     - [ 96, 100, 6 ]
                     - [ 36, 54, 6 ]
                     - [ 23, 44, 6 ]
                     - [ 49, 64, 6 ]
                     - [ 62, 74, 6 ]
                     - [ 84, 91, 6 ]
                     - [ 56, 0, 4 ]
                     - [ 92, 2, 4 ]
                     - [ 110, 125, 2 ]
                     - [ 109, 4, 6 ]
                     - [ 35, 70, 6 ]
                     - [ 8, 49, 6 ]
                     - [ 69, 98, 6 ]
                     - [ 87, 112, 6 ]
                     - [ 48, 81, 6 ]
                     - [ 22, 60, 6 ]
                     - [ 73, 83, 6 ]
                     - [ 98, 120, 6 ]
                     - [ 60, 88, 6 ]
                     - [ 79, 104, 6 ]
                     - [ 0, 41, 1 ]
                     - [ 117, 118, 1 ]
                     - [ 15, 39, 6 ]
                     - [ 65, 0, 4 ]
                     - [ 55, 70, 6 ]
                     - [ 42, 60, 6 ]
