%YAML:1.0
pyramid_levels: 2
T: [ 5, 8 ]
modalities:
   -
      type: ColorGradient
      weak_threshold: 10.
      num_features: 63
      strong_threshold: 55.
classes:
   -
      class_id: red_puck
      modalities: [ ColorGradient ]
      pyramid_levels: 2
      template_pyramids:
         -
            template_id: 0
            templates:
               -
                  width: 59
                  height: 52
                  pyramid_level: 0
                  features:
                     - [ 56, 40, 1 ]
                     - [ 3, 19, 0 ]
                     - [ 4, 15, 1 ]
                     - [ 55, 43, 2 ]
                     - [ 3, 31, 0 ]
                     - [ 2, 22, 0 ]
                     - [ 22, 51, 5 ]
                     - [ 40, 51, 3 ]
                     - [ 4, 34, 0 ]
                     - [ 43, 50, 3 ]
                     - [ 47, 48, 3 ]
                     - [ 58, 26, 0 ]
                     - [ 32, 52, 4 ]
                     - [ 8, 42, 6 ]
                     - [ 6, 39, 7 ]
                     - [ 58, 20, 0 ]
                     - [ 58, 23, 0 ]
                     - [ 2, 28, 0 ]
                     - [ 13, 47, 6 ]
                     - [ 28, 52, 4 ]
                     - [ 35, 52, 4 ]
                     - [ 16, 49, 5 ]
                     - [ 7, 11, 2 ]
                     - [ 25, 52, 5 ]
                     - [ 56, 37, 1 ]
                     - [ 10, 45, 6 ]
                     - [ 15, 4, 3 ]
                     - [ 19, 51, 5 ]
                     - [ 49, 45, 2 ]
                     - [ 57, 17, 0 ]
                     - [ 57, 29, 0 ]
                     - [ 55, 12, 7 ]
                     - [ 1, 25, 0 ]
                     - [ 39, 1, 5 ]
                     - [ 56, 34, 1 ]
                     - [ 12, 7, 2 ]
                     - [ 56, 46, 1 ]
                     - [ 51, 42, 2 ]
                     - [ 59, 41, 1 ]
                     - [ 7, 14, 1 ]
                     - [ 18, 4, 3 ]
                     - [ 4, 17, 1 ]
                     - [ 30, 52, 4 ]
                     - [ 5, 37, 7 ]
                     - [ 37, 52, 4 ]
                     - [ 45, 48, 3 ]
                     - [ 53, 42, 2 ]
                     - [ 8, 44, 6 ]
                     - [ 14, 49, 5 ]
                     - [ 11, 47, 6 ]
                     - [ 1, 30, 0 ]
                     - [ 56, 14, 7 ]
                     - [ 37, 1, 4 ]
                     - [ 14, 6, 3 ]
                     - [ 56, 32, 0 ]
                     - [ 3, 18, 0 ]
                     - [ 55, 42, 2 ]
                     - [ 56, 39, 1 ]
                     - [ 57, 40, 1 ]
                     - [ 4, 16, 1 ]
                     - [ 54, 42, 2 ]
                     - [ 2, 21, 0 ]
                     - [ 2, 20, 0 ]
               -
                  width: 59
                  height: 52
                  pyramid_level: 0
                  features:
                     - [ 53, 29, 0 ]
                     - [ 39, 9, 7 ]
                     - [ 51, 14, 7 ]
                     - [ 54, 21, 7 ]
                     - [ 48, 39, 1 ]
                     - [ 34, 45, 1 ]
                     - [ 15, 11, 5 ]
                     - [ 10, 16, 5 ]
                     - [ 13, 42, 3 ]
                     - [ 19, 46, 3 ]
                     - [ 5, 26, 4 ]
                     - [ 8, 33, 4 ]
                     - [ 43, 44, 2 ]
                     - [ 27, 47, 2 ]
                     - [ 31, 24, 6 ]
                     - [ 38, 25, 6 ]
                     - [ 31, 31, 6 ]
                     - [ 27, 16, 6 ]
                     - [ 24, 24, 6 ]
                     - [ 35, 18, 6 ]
                     - [ 43, 30, 6 ]
                     - [ 24, 31, 6 ]
                     - [ 17, 24, 6 ]
                     - [ 37, 35, 6 ]
                     - [ 43, 20, 6 ]
                     - [ 32, 9, 6 ]
                     - [ 22, 11, 6 ]
                     - [ 17, 31, 6 ]
                     - [ 27, 38, 6 ]
                     - [ 19, 38, 6 ]
                     - [ 21, 17, 6 ]
                     - [ 47, 25, 6 ]
                     - [ 11, 23, 6 ]
                     - [ 45, 11, 6 ]
                     - [ 7, 20, 5 ]
                     - [ 11, 37, 4 ]
                     - [ 39, 47, 2 ]
                     - [ 36, 30, 6 ]
                     - [ 32, 36, 6 ]
                     - [ 27, 11, 6 ]
                     - [ 32, 14, 6 ]
                     - [ 39, 15, 6 ]
                     - [ 47, 33, 6 ]
                     - [ 42, 35, 6 ]
                     - [ 35, 40, 6 ]
                     - [ 16, 18, 6 ]
                     - [ 48, 19, 6 ]
                     - [ 12, 28, 6 ]
                     - [ 40, 40, 6 ]
                     - [ 30, 42, 6 ]
                     - [ 31, 48, 2 ]
                     - [ 35, 49, 2 ]
                     - [ 28, 27, 6 ]
                     - [ 28, 21, 6 ]
                     - [ 35, 22, 6 ]
                     - [ 42, 25, 6 ]
                     - [ 21, 27, 6 ]
                     - [ 31, 18, 6 ]
                     - [ 24, 20, 6 ]
                     - [ 28, 34, 6 ]
                     - [ 39, 20, 6 ]
                     - [ 20, 21, 6 ]
                     - [ 21, 34, 6 ]
               -
                  width: 29
                  height: 26
                  pyramid_level: 1
                  features:
                     - [ 28, 20, 1 ]
                     - [ 2, 8, 1 ]
                     - [ 29, 10, 0 ]
                     - [ 1, 12, 0 ]
                     - [ 2, 16, 0 ]
                     - [ 8, 2, 3 ]
                     - [ 18, 26, 4 ]
                     - [ 14, 26, 4 ]
                     - [ 23, 24, 3 ]
                     - [ 6, 23, 6 ]
                     - [ 10, 25, 5 ]
                     - [ 20, 1, 5 ]
                     - [ 27, 6, 7 ]
                     - [ 28, 16, 0 ]
                     - [ 14, 1, 4 ]
                     - [ 29, 24, 2 ]
                     - [ 23, 4, 5 ]
                     - [ 6, 6, 2 ]
                     - [ 29, 13, 0 ]
                     - [ 3, 19, 7 ]
                     - [ 25, 21, 2 ]
                     - [ 11, 2, 3 ]
                     - [ 17, 2, 4 ]
                     - [ 1, 10, 0 ]
                     - [ 1, 14, 0 ]
                     - [ 16, 26, 4 ]
                     - [ 21, 25, 3 ]
                     - [ 8, 24, 5 ]
                     - [ 12, 26, 5 ]
                     - [ 4, 21, 6 ]
                     - [ 28, 22, 2 ]
               -
                  width: 29
                  height: 26
                  pyramid_level: 1
                  features:
                     - [ 26, 14, 0 ]
                     - [ 19, 5, 7 ]
                     - [ 25, 8, 7 ]
                     - [ 23, 20, 1 ]
                     - [ 17, 22, 1 ]
                     - [ 7, 21, 3 ]
                     - [ 12, 23, 3 ]
                     - [ 3, 13, 4 ]
                     - [ 8, 6, 5 ]
                     - [ 15, 12, 6 ]
                     - [ 20, 12, 6 ]
                     - [ 10, 13, 6 ]
                     - [ 16, 17, 6 ]
                     - [ 13, 7, 6 ]
                     - [ 11, 18, 6 ]
                     - [ 5, 17, 4 ]
                     - [ 5, 9, 5 ]
                     - [ 20, 16, 6 ]
                     - [ 20, 22, 2 ]
                     - [ 13, 15, 6 ]
                     - [ 16, 9, 6 ]
                     - [ 19, 9, 6 ]
                     - [ 11, 10, 6 ]
                     - [ 16, 6, 6 ]
                     - [ 23, 11, 6 ]
                     - [ 7, 12, 6 ]
                     - [ 23, 14, 6 ]
                     - [ 19, 19, 6 ]
                     - [ 8, 9, 6 ]
                     - [ 8, 16, 6 ]
                     - [ 23, 17, 6 ]
         -
            template_id: 1
            templates:
               -
                  width: 65
                  height: 64
                  pyramid_level: 0
                  features:
